-1.37322
-0.641066
0.0100594
2.58817
1.26708
0.92985
0.89911
1.69938
-0.1012
0.116846
3.21566
-0.36551
1.46397
0.738344
-1.81908
2.68292
1.21471
2.28193
2.46883
1.54874
0.556429
0.561716
2.37476
1.39185
-0.48756
1.19843
0.92787
0.263751
0.460315
-0.743628
1.82069
1.38638
2.24953
-0.223674
-0.463673
1.13542
1.24887
0.770807
-0.13881
0.0551078
0.95133
-0.696475
1.93406
0.280922
0.501935
2.17166
0.534421
2.9629
1.91611
-0.307231
0.0545336
2.32899
2.51232
1.51874
0.621895
1.69262
0.0915484
0.762872
0.43558
0.84863
1.31263
-0.55181
1.07948
0.241493
2.58373
-0.622104
2.05562
1.91119
0.606785
1.31418
-2.27632
1.65811
1.37516
1.30724
2.41193
0.760937
1.44778
0.950739
0.00102704
1.08319
1.17174
1.71865
3.62955
-0.48862
0.571404
1.07107
1.44214
1.60447
1.30675
1.49574
2.48967
1.09469
3.96559
0.0330728
1.14747
1.0434
3.47891
0.498047
0.118174
3.03979
0.041927
1.19202
1.21113
1.1731
-1.16118
1.09264
0.777762
-1.64955
0.96704
1.05185
0.659806
3.43441
-0.236033
1.19422
3.58636
0.473807
3.32156
1.50484
1.00027
0.903187
0.933908
1.26967
-0.174971
1.55313
0.206714
0.531855
1.66578
1.78409
2.1556
1.27025
1.65081
-0.179247
0.42756
1.89997
1.47184
1.12115
-1.8607
0.821022
0.500975
0.756281
1.43975
1.02199
0.0435812
3.41629
1.41062
1.18063
1.25307
0.917403
1.07566
3.32417
1.5642
0.3547
1.32501
0.19982
2.35784
1.98819
2.02503
-0.501745
0.994104
1.02833
1.83165
2.01548
2.12118
0.960255
1.71247
0.919282
0.718413
0.87864
1.0369
1.16783
-0.37179
1.15757
1.58864
1.27347
-0.369073
0.768593
1.38523
0.667253
1.10905
1.2873
0.37966
0.701332
0.646276
1.04105
0.975693
1.1784
0.268542
1.27011
0.137779
3.30675
1.58565
-0.0208752
0.867666
0.384125
1.78938
0.27463
2.60907
1.7345
1.23725
2.31438
0.689502
1.34818
2.24358
1.24978
0.142078
2.13949
1.82479
0.53955
1.51105
-0.682486
-0.696726
0.820449
0.506277
1.0926
0.141145
1.50813
1.38986
2.40964
0.0521589
1.18471
2.18004
1.60597
0.800869
0.871587
0.823613
1.88577
1.19347
0.339705
2.33786
1.39886
0.800617
1.53362
2.23913
0.640296
1.08073
2.06842
1.25408
2.01822
1.97988
1.43019
2.37675
1.17525
0.249685
1.77517
0.48612
2.26874
1.50379
2.77704
1.82273
0.983293
1.49675
1.93046
1.71057
0.823443
0.78505
-0.444051
0.297643
0.623947
1.98354
1.78158
0.285134
0.196184
-0.452357
0.510903
0.156216
2.6579
0.530096
0.953773
1.77947
1.50487
0.438429
1.04893
0.969813
2.51844
-0.0762262
1.07123
0.737412
0.865348
3.30086
-0.417728
-0.19135
2.26651
0.146951
2.32278
-0.804275
-0.227287
1.45885
-0.362024
0.597199
0.0229954
0.77697
-1.21204
0.899042
0.717987
2.72797
1.38397
0.0352047
2.52325
0.83985
1.72335
2.10796
1.71825
2.19114
0.325735
0.825171
2.29663
1.92004
0.548945
2.59115
0.339802
0.835655
0.016105
1.0429
0.211513
1.07735
1.03388
0.638306
1.56767
2.25287
2.17864
1.34648
1.83222
0.297914
-0.109777
1.31408
-0.733232
2.57345
1.78774
0.530581
0.36834
1.25424
1.58972
2.97082
2.28858
1.892
1.52037
0.199288
0.637801
1.00216
-0.197748
1.16829
0.280487
0.390755
0.957929
1.20128
0.650472
0.709727
2.26805
-0.0631716
0.239767
1.81553
1.95001
1.22713
-0.146784
2.26853
1.08988
1.20257
0.874324
1.53228
-0.1028
1.18137
1.91443
0.902074
2.28725
2.28428
1.31104
2.66596
2.12272
-0.176787
2.18338
0.460953
1.03068
-1.47569
1.99401
0.203001
2.04327
-0.411722
0.196151
1.50959
1.57669
1.14034
2.15807
0.885421
1.08093
1.20471
1.4215
0.10755
-0.271203
3.1304
2.61707
2.83199
1.62387
0.91653
1.74132
2.25801
1.7552
2.907
-0.604275
1.05826
0.329082
1.48011
1.08097
0.509168
1.23493
3.10331
-1.74554
-0.0782646
1.36859
0.268098
0.361518
0.29029
-0.691166
0.878457
2.29317
0.127343
0.598597
1.58781
3.0755
0.237007
1.16004
0.530093
-0.0547948
2.84457
0.400641
3.15286
1.09354
-0.525449
-0.328975
1.9422
2.93271
0.0257597
3.02255
0.558126
-0.336813
1.29132
1.53558
1.19431
-0.930302
-1.53642
1.54347
1.76444
1.45128
1.77939
-0.266922
-0.324282
0.734389
0.948269
-0.290831
1.01916
1.69475
1.64752
1.1564
0.605967
0.708915
0.889801
0.951479
1.59702
1.59099
1.04539
0.860257
1.7631
0.615228
0.600579
1.69632
1.86075
0.843264
2.43229
2.45909
0.708093
1.91888
-0.575369
2.16614
0.437697
1.3263
1.42557
0.255532
1.6414
-1.54689
1.90403
1.28428
0.404255
0.551775
0.728693
1.72108
2.8726
0.81274
0.641495
-0.653219
1.26322
-0.318718
0.136342
-0.496684
-0.22686
-0.0682353
0.811604
1.02928
1.76165
2.16397
2.06123
2.28619
1.18084
2.08623
2.14958
0.878121
-0.686376
-0.106274
-0.0544512
2.02944
2.18691
1.49078
-0.422378
1.26454
3.32364
0.638875
1.65406
2.12082
0.823014
-0.190265
1.76641
-0.704433
1.77168
2.37242
0.742031
1.25953
0.780791
0.876737
0.988702
1.89604
0.677685
1.88105
2.13017
0.660859
2.07847
0.645646
2.04734
1.18798
-0.557091
0.281574
2.04683
2.03303
0.773822
1.04776
1.59662
-0.200815
1.13575
-0.563586
2.07362
0.601785
0.271993
0.129232
3.3743
0.754507
0.773897
-0.558491
0.283273
0.201385
0.163279
1.85033
0.447736
1.81733
1.17068
-0.0947575
0.234101
0.40321
0.451365
2.46193
1.14649
0.888596
0.890057
1.51347
1.24645
0.886856
2.13928
2.04908
0.776284
-0.546299
2.02423
0.878014
0.862656
1.65601
1.82978
-0.740038
0.72934
0.124666
0.929132
2.05144
1.96647
1.03158
2.14768
1.23652
0.7706
0.877492
0.868193
1.00593
1.59364
1.14475
1.71329
-0.728481
0.637249
3.56676
2.12434
1.99628
1.04808
3.3146
1.51327
1.65665
-0.88118
3.22191
1.72191
0.841272
-0.459886
0.567054
1.26077
-1.21961
1.27168
1.71112
0.125604
0.858572
0.841881
0.533446
1.60923
1.26741
0.875078
0.395282
0.579286
1.75297
0.62552
0.296193
2.13986
2.23977
1.63625
0.453807
1.55308
1.26963
1.45763
1.17749
0.702362
-0.457476
2.09056
-0.730414
1.19672
-1.04775
0.0281025
2.00111
-2.63168
1.12226
-0.582916
0.968931
1.82863
1.40915
0.457651
0.636562
2.21527
0.284709
3.32131
0.276655
1.69791
1.54967
-0.816537
-0.11028
1.27237
2.37869
-0.563802
0.00894342
3.24928
-1.31309
1.26454
0.0242373
1.17862
0.698499
0.947497
0.458702
-0.673137
1.71417
2.41008
1.10247
0.294938
2.13007
1.53075
1.66612
0.957665
0.528434
1.5247
1.13597
1.39185
-0.533224
0.777369
3.48546
1.91605
1.84197
1.24989
1.51884
1.8104
1.78568
1.25828
0.220071
0.0980519
0.18671
0.473435
-0.68779
-0.0827152
0.755492
0.707311
0.593416
0.642606
1.44643
1.24651
-0.146267
0.732288
1.62485
2.48145
0.514377
1.56804
-0.748849
1.77385
0.760623
1.08809
2.73741
0.411146
1.45566
-0.0690817
0.0260939
1.21624
0.564603
-0.362535
0.68726
1.7177
1.06184
0.381872
1.90436
0.593825
1.2706
0.0939914
1.08323
1.88325
1.04952
0.313696
0.403606
0.580197
0.306565
0.803727
0.0182677
1.00598
-0.189708
0.476569
0.100501
-0.27148
0.522436
0.976167
3.71214
1.65104
1.99409
1.01968
2.18891
0.234239
0.0538344
0.461952
0.466755
0.281183
1.91012
-0.367716
1.66736
-0.0712774
0.249285
0.973719
-0.059285
2.31368
0.743546
1.05101
0.95665
0.403895
1.80776
0.812899
1.29537
1.73271
1.07145
1.29042
1.74287
-0.077866
-0.625992
2.25073
1.36431
0.962329
1.29315
1.8638
-0.00112848
0.93245
1.26232
0.54757
0.748396
2.46022
1.01107
-1.17149
-1.00849
0.109432
-0.196755
0.919735
0.0458208
2.23538
1.66492
0.231524
2.28402
-0.490697
1.20454
2.39876
0.893276
0.205767
2.51446
1.33379
1.47093
1.43975
0.218211
1.39541
2.12786
1.2875
2.46364
2.26462
-0.840847
1.48619
1.11572
2.12379
-1.72274
0.406417
1.14695
0.534953
2.58832
0.725972
0.826014
1.02891
1.73646
-0.288536
1.11835
1.15591
1.19237
2.44005
1.35062
3.57159
2.25333
0.0502593
0.145337
-0.362306
1.04342
2.60034
0.861212
0.160173
0.433674
0.377813
-0.561939
0.980194
0.844966
1.25794
2.25322
1.64628
0.292427
-0.809718
-0.00982596
1.90636
1.67717
0.775117
3.30889
0.964597
1.07387
0.0609571
0.838183
-0.217613
1.09454
1.01789
1.76663
0.663272
0.921603
1.93806
1.58807
1.45604
0.871835
-0.352972
2.01666
0.103187
1.01673
-0.0660766
0.21642
1.94663
0.641961
1.47399
2.17452
2.4158
-0.017157
1.1821
1.81209
2.76402
1.08605
2.19264
0.26331
2.43693
1.52909
0.717166
0.830703
0.81761
1.64761
1.19883
1.56253
1.69688
2.0429
0.787202
2.29231
-0.1097
-0.371323
2.1198
1.71656
0.458
-0.874756
1.87751
1.72336
2.26337
0.262052
-0.379281
1.08138
1.82396
2.6256
1.20902
0.958813
2.03068
1.6407
1.24259
-0.718425
0.626036
2.59562
0.631242
1.89823
-1.23288
0.592952
0.870833
1.3113
1.13238
0.765341
0.363522
1.78187
0.846824
0.744912
1.60093
0.0239878
1.33889
0.510051
-0.852144
1.97754
1.56063
-0.711035
1.4209
1.13804
0.947129
-0.209183
1.70534
-0.41053
1.33432
-0.611197
2.67498
0.0803444
0.121993
2.36367
0.790629
-0.639824
-0.972761
-0.863177
1.57253
-0.254273
2.88892
1.59786
3.05985
0.7214
0.882768
0.887636
0.377635
1.69188
1.08096
1.23208
0.988393
-1.74547
1.56509
1.50943
2.56503
2.85557
1.4372
0.335425
-0.690355
0.566753
2.20378
2.63406
0.279362
0.894556
0.00281393
0.952514
-0.350567
1.10981
2.45689
1.0579
1.32627
-0.0667177
0.373832
-0.376411
0.264225
0.823192
1.25844
-0.441472
2.4487
2.0417
2.4277
1.0808
0.302511
1.68765
0.636179
0.983861
1.96534
2.22732
1.34986
0.292676
1.43727
0.806802
1.16854
0.292901
1.26987
-0.819196
-0.771858
0.178256
1.02297
0.450389
0.0893072
2.46278
1.8673
1.13795
0.198552
0.522614
0.0778342
2.85039
1.85925
-0.0251827
1.83932
0.981757
-0.153444
0.651524
-0.493536
1.58574
1.81796
0.804188
2.49867
1.4123
1.7081
0.0451297
0.863061
0.319997
2.0263
0.303826
0.75179
0.551577
0.596209
0.483582
1.3716
4.28271
-0.124936
1.60004
1.21012
0.46189
1.75085
1.70209
1.66608
1.92087
0.276166
2.61151
0.501638
0.519126
0.880947
0.794723
2.22478
2.27636
1.00165
2.13397
2.32292
-0.251895
0.644385
-0.339437
1.19309
1.62477
0.248686
0.059083
0.0404289
0.228952
0.9473
-0.347795
1.9075
1.47588
2.57993
2.79484
1.78385
1.18763
2.2045
0.941411
-0.655084
1.72915
1.406
2.12959
0.228511
0.781286
1.16631
1.81869
1.7246
1.74844
0.27384
-0.0418759
1.15853
0.287621
0.924895
0.674641
0.262122
1.51097
0.883636
1.85853
0.460858
1.70526
3.06256
1.47201
0.232958
0.613452
0.504314
2.6631
0.737077
4.00579
0.397654
0.649048
1.51746
-0.155142
1.15914
0.428026
1.41744
1.84799
1.3298
2.06411
0.618737
1.72062
2.57808
-0.737898
2.39131
1.5435
1.18074
-0.406995
0.840748
-0.0309351
2.72454
1.50451
2.54364
1.09064
2.38297
1.77574
2.33347
-0.120214
1.04736
3.00628
1.1284
2.10107
0.537841
0.350622
0.573045
1.06433
1.60708
1.91548
1.21423
0.884599
0.820548
2.61186
-1.37333
0.586318
1.64771
0.104502
1.10097
1.54653
0.469976
-0.449206
-0.115722
0.562341
3.56218
2.56079
-0.192294
1.84755
0.0995174
1.25592
0.241868
0.39835
0.403327
1.82085
0.790694
1.93434
1.30639
1.92319
0.786361
1.639
0.970619
0.500482
1.00158
-0.0616804
-0.0216242
1.16023
0.558828
1.424
1.73927
3.31871
2.43103
1.85582
-0.264013
1.91093
1.07191
1.87234
1.56866
1.33382
1.45934
1.2241
0.129343
0.761723
0.619039
-0.515612
2.08692
2.62838
-0.0119751
1.11601
1.8502
-1.35473
1.60274
0.176057
1.14419
0.163795
1.99713
1.82515
-2.17986
2.33373
3.50876
0.354633
2.45848
-0.565399
0.569759
1.22239
-0.155508
1.5072
-0.318339
1.29772
1.76755
-0.451527
1.51944
0.622588
2.29232
0.978582
-0.303124
1.41653
2.74191
2.14673
1.64662
1.27569
-0.652623
2.73032
0.880904
2.00623
2.42882
1.93609
0.73217
1.45669
0.419966
-1.43742
2.13733
-0.522922
-1.36039
1.42544
0.532552
1.25618
0.0773033
0.534416
2.01842
0.368598
0.766532
1.14828
1.77941
0.860096
1.00532
-1.06237
2.21925
1.85505
1.09182
1.34026
-0.293205
1.60159
1.90398
0.186374
1.73834
0.595299
0.723153
1.77422
0.182362
-0.230311
1.32654
0.501217
1.22065
0.866119
1.74522
0.654171
2.62978
1.05153
1.33793
-0.246216
1.38391
0.228186
1.4707
1.39851
0.741076
-0.385218
0.242852
1.74823
1.01019
1.05447
1.74819
2.29073
0.969208
0.723601
-0.249762
-0.364502
1.08827
2.11327
0.854557
0.53547
1.28546
1.24419
0.163737
0.152547
2.11515
1.71941
2.10185
1.63558
1.94081
1.32469
3.73315
1.16133
-0.329288
1.44518
0.913263
1.32226
0.967228
3.09371
0.736267
1.86051
0.739108
1.01208
2.16274
0.214312
0.833091
1.05482
0.570457
1.0859
1.79993
1.67479
2.30902
0.227348
1.2279
1.6491
1.63763
1.66922
0.791058
1.40157
1.40093
1.41863
2.02231
1.46514
-0.473557
0.0328154
-0.0543727
0.0674791
2.4527
2.40865
1.62224
1.75541
0.922421
2.14839
1.60202
0.775856
0.360392
1.70528
1.54062
0.238656
2.1381
0.342789
1.14907
0.953788
0.491398
0.970873
2.21564
1.17108
1.40578
0.119173
1.02914
1.44449
-0.657983
0.846102
-0.275805
1.18897
1.99223
0.872904
2.59104
0.403453
1.14677
0.822923
0.862303
1.81753
2.30652
2.43296
1.42924
0.557857
-0.134475
0.018815
0.149339
0.213881
0.625517
-0.392488
1.81691
1.62056
-0.673462
1.49211
0.571799
0.264842
-0.229969
-0.0659224
0.305614
-0.0193753
-0.556545
0.451508
0.596485
2.65598
2.3986
-0.225605
-1.31538
2.1432
1.05591
0.45259
1.31667
0.240307
-0.942529
0.616319
0.625996
2.08295
1.61333
1.7147
2.24981
2.33487
1.53599
0.788896
2.00295
1.14
0.817065
2.07617
0.816693
0.668757
-0.00279454
-0.538683
0.406667
2.11324
0.357225
1.88367
1.03156
1.04298
1.89699
0.985961
1.84196
2.29199
0.534207
2.37412
1.61309
1.05211
0.261941
0.557874
1.83998
1.98746
1.10439
1.46752
1.31046
0.158205
1.66277
0.159941
2.32259
-0.0765744
-0.534814
2.96149
-0.00388103
0.412399
0.276648
1.15923
-0.375437
2.55235
1.93879
0.73169
1.86956
-0.140492
4.41765
0.00787362
2.2291
3.00685
0.633917
2.16889
1.64419
2.63235
1.90341
1.70799
0.749174
1.88528
1.84553
0.777382
0.801662
0.229692
1.69612
0.141574
1.62788
1.39084
1.98602
0.3149
0.305291
1.59316
1.08096
1.75683
0.308536
0.447707
2.53799
1.2187
2.30481
-0.210649
0.593814
0.278703
1.04716
2.02027
3.02306
1.03372
0.693439
0.589739
1.14004
0.763926
2.83825
2.15975
-0.00899532
1.14336
0.344928
2.58001
1.57533
1.25745
1.47055
0.578349
0.675721
1.66199
2.69633
-0.584436
-0.111078
1.85335
1.11164
-0.268498
-0.218841
1.04311
0.367924
2.18989
2.34364
-0.238761
0.135261
1.57748
0.248986
0.455458
3.37898
-1.24553
-0.853267
-0.0812283
2.32916
0.760122
-0.670755
0.163534
2.03014
1.2759
2.40014
1.2737
-0.0355336
1.65356
0.46271
0.00497853
0.404809
1.6633
1.28913
1.61326
1.16785
2.44983
-0.74565
0.563075
-0.982635
1.56499
1.136
1.25128
3.47148
-0.0363989
0.861279
2.39796
1.56403
2.11431
1.44143
1.45341
-0.0301864
0.581538
1.87354
2.39729
0.743268
0.942241
-0.219871
1.28254
0.747953
0.436925
1.25317
-0.304494
0.119321
1.37026
0.975743
0.275603
2.44906
1.13212
0.733644
-0.154786
1.1358
1.21516
1.26842
-0.165999
1.84282
0.655036
0.0272817
0.402917
1.95981
1.46124
-0.0688499
1.14508
-0.374854
0.850114
1.86671
1.91245
1.00782
1.34294
1.92127
0.781506
1.3264
2.54814
0.81202
2.05985
1.70773
0.200549
1.79225
1.4874
0.654918
0.385368
1.05045
1.10479
0.110756
0.649664
1.8687
1.93094
0.737201
-0.766025
1.40055
1.69108
1.16268
1.87155
-0.115283
0.88942
0.708298
2.09893
-0.241112
1.31814
0.572469
2.33456
0.0734306
0.729917
0.152101
1.37097
0.987007
-0.578938
2.68759
-0.604717
2.42759
1.92179
1.01392
0.392091
0.39076
1.96106
0.240917
1.01058
-0.542507
2.52875
1.5579
1.02917
1.71975
0.94608
1.09901
3.21625
-0.751955
0.773427
3.21864
2.06324
1.85233
2.12547
-0.607201
-0.673073
0.504291
1.73778
-1.39405
1.74607
1.54212
1.36387
1.89706
1.80916
1.48789
0.61445
-0.32049
0.315279
1.99263
0.40435
0.493395
0.472482
0.334567
1.82095
1.77729
1.39774
0.0383012
1.51736
-0.122593
0.662191
-0.0430638
2.9255
0.631643
1.31395
-0.00926833
0.717882
1.46882
0.615382
-1.04503
-0.203277
0.270524
-0.49217
0.276539
1.7433
0.507547
1.03777
1.52225
-0.378967
-0.022147
1.55315
-0.237451
-0.158335
1.7851
-0.207103
-0.316119
0.587743
2.13006
-0.634941
2.82767
2.0882
1.95403
1.39807
1.49487
1.69589
-0.350633
2.06945
1.44155
2.25917
-0.90473
0.539804
1.74122
1.68751
0.621334
0.579787
1.99048
1.18766
1.03618
0.795859
1.14884
1.4283
2.08389
0.431012
2.00097
-1.11332
1.71608
1.66601
0.957294
1.40906
-0.752232
-0.230133
-0.831006
1.12643
1.52804
-0.0668851
-0.728378
0.897777
1.07398
1.421
0.229298
2.55077
0.822141
-0.483469
0.141007
-1.17995
2.39119
-0.258635
0.92939
1.97336
-0.0175405
-0.3368
0.881234
2.13555
1.14518
2.38528
0.602206
0.596966
0.983655
1.79426
0.486501
0.772837
1.8691
1.26146
0.477409
-0.0619255
0.96996
0.462559
-1.90397
0.234398
-0.103876
-0.424965
1.95046
0.381212
1.08738
2.11657
0.281641
-0.367702
0.909915
1.94643
2.91157
0.842044
1.82697
0.598744
0.321437
0.713687
0.469543
1.94654
0.688076
2.03597
1.9756
0.888682
0.75016
1.44388
0.584389
-1.16954
2.49321
1.89696
-0.0594327
0.668734
1.35767
0.05607
2.23679
0.663467
0.452364
0.261366
0.351121
0.119399
1.34793
0.971697
2.37794
1.12834
0.709263
0.0709771
1.49792
0.466543
2.64685
1.74625
0.337258
3.08023
1.10441
0.496894
0.4607
-0.614354
-0.13478
-0.132815
2.00964
1.48071
1.24385
0.632689
2.77554
0.171877
1.9462
0.535382
2.19544
1.25684
1.24113
0.552913
-0.00958753
1.18333
1.95939
0.917117
1.84714
-0.0924281
1.33293
0.271221
1.3571
1.92911
0.442051
0.224708
1.43605
0.0511899
1.23448
2.39422
1.57882
0.414169
-0.168458
0.672036
0.729161
0.593673
0.536901
-0.337161
0.383146
2.27084
0.466547
1.81579
1.55408
1.67296
1.3455
-0.0850902
2.19334
1.06774
1.76909
1.39212
0.274063
-0.947025
4.043
1.18871
0.410349
-1.8842
-0.730513
0.632916
-0.674882
1.38143
0.0627027
0.406713
1.99185
0.346606
1.24691
1.28903
2.36703
0.143865
0.532315
2.21232
0.828098
0.631186
-0.590682
0.213588
1.32149
0.988668
2.43443
-0.0179973
0.208828
2.04319
0.986306
-0.608918
0.544531
0.888274
0.299279
-0.297679
0.540607
2.47975
-0.470797
0.730773
0.499993
1.23768
0.384996
-0.276894
1.31315
1.08931
1.45578
-0.20326
-0.240561
0.118146
-0.230541
1.56083
0.422006
1.97804
1.32287
0.827433
1.23886
-0.043569
-0.75833
0.115643
0.501612
0.853083
1.70394
2.95013
1.18406
0.259614
0.521129
0.583204
2.44616
1.5632
1.37379
1.64848
0.795334
0.595014
2.66467
-0.744511
0.647161
2.2097
2.01529
0.440016
-0.147902
2.5693
0.898848
3.01703
0.420211
-0.865803
-0.792663
-0.284413
0.987479
-0.315481
-0.0711097
1.80043
0.123578
0.920552
2.3918
-0.454526
1.44712
-0.544144
-0.0192417
-0.953513
1.91773
-0.282548
1.49538
1.76848
1.96009
0.361362
1.50717
0.757851
1.18153
1.15509
1.19584
1.09036
-0.691714
0.73354
0.933508
2.96664
0.204146
1.59406
-0.380452
1.53083
1.39323
1.55055
1.31754
-0.0292743
0.619139
1.68909
1.78808
1.27676
1.00384
1.5629
1.39328
2.06298
1.37666
2.42154
0.524936
1.01845
1.32492
-0.656756
-0.0105701
1.22039
-0.975028
2.10111
0.829809
1.53923
-0.306119
1.23814
1.79553
1.65548
1.01529
1.84004
0.429254
1.19931
-0.0170681
0.640519
0.936273
3.35552
2.47726
1.1742
1.92315
0.24518
0.595868
2.88834
0.704495
1.52963
1.17519
1.15866
1.14006
1.48211
1.27807
1.56525
0.675264
0.861057
0.234846
0.378034
-0.877192
1.04644
-0.499431
1.04677
0.0888868
1.31169
-0.0237509
-0.46886
0.503818
-0.0881858
0.741827
0.564405
0.859417
0.408795
0.16875
0.214742
0.146183
1.05557
0.508941
0.947312
0.158429
0.483372
1.81799
0.134786
1.10348
0.637572
0.484397
1.07795
0.641119
0.590664
-0.111339
2.43967
0.0986405
-0.245915
1.62362
1.75996
0.87418
0.634951
1.72436
0.535145
0.030009
1.2195
1.31103
1.20952
-0.687545
3.1539
2.08817
2.44995
0.443381
0.611424
0.809016
1.23327
1.11086
1.51956
1.68261
0.700187
0.781924
1.68194
1.88454
0.503104
1.03583
2.32249
0.968556
1.16513
-0.302084
2.31374
0.665036
1.06194
0.165478
0.374846
2.02793
1.62037
0.711263
1.02665
0.305694
-0.904794
0.808479
-0.0793393
1.19542
-1.04744
1.41366
0.864054
1.31606
0.844057
0.11812
1.48494
3.38026
0.674885
1.45108
0.554849
1.7402
2.20957
1.75843
0.333341
0.203908
1.29366
1.06627
-0.361695
-0.210703
-0.228476
0.75687
1.30751
2.26265
2.71681
0.642712
1.19193
2.05767
-0.675999
1.44193
1.77465
-0.646879
-1.12232
1.38739
0.385657
-0.728783
-1.38377
0.945385
-0.130816
1.20313
0.24378
0.917491
1.45083
1.13116
-0.359781
2.02766
1.69479
1.19755
2.17632
0.379008
1.98227
2.88372
1.71342
0.382994
0.764577
-0.510424
1.13732
0.582953
1.17865
2.11507
0.951042
1.35476
2.03153
1.801
2.60123
1.25867
1.88183
0.587104
0.956843
2.45396
1.20082
2.48464
-0.221804
0.0854058
1.20116
-0.652156
1.83429
2.48103
1.84501
2.53539
-1.061
1.4175
-0.155513
1.38687
0.932707
0.0779727
0.543878
0.842496
2.9796
2.59467
1.88644
0.494669
0.782465
1.7378
0.805535
0.337903
0.222049
1.47924
0.395113
0.247754
2.47317
1.80673
0.177445
1.51122
0.570765
0.660978
2.89204
1.05278
0.772989
0.632101
0.449247
1.78059
0.336754
0.860981
1.30715
1.27389
0.624108
0.364693
-0.206487
2.2497
1.97976
0.0475792
3.46174
2.15665
3.40682
-0.598159
0.7404
1.42057
0.789644
1.74869
-0.298946
-0.214672
1.6437
0.0452136
-0.109989
2.155
2.06113
1.47351
1.06537
0.836554
1.73956
0.924456
1.3802
1.89342
0.981856
0.980562
0.806277
-0.697735
1.04997
0.559804
0.633557
1.25656
1.87111
-0.236506
2.14991
2.28328
0.960453
0.334657
1.91751
0.472933
1.35992
2.43903
2.71029
0.795578
1.17186
-1.3893
0.908289
2.08965
1.83582
3.05796
1.93375
2.03412
0.484218
0.0651341
0.757167
0.842522
0.222141
0.415714
0.664993
1.84723
1.09618
1.58546
0.431744
2.58528
0.193651
0.1142
-1.29096
-0.505375
2.01784
0.8131
1.48164
0.546831
0.530538
2.31098
1.84085
2.01398
1.2872
2.07422
2.40981
0.742019
1.55842
0.464914
1.29412
2.21843
1.40196
1.26895
1.26141
1.57053
1.79143
0.236872
2.54305
0.3749
3.25221
1.43768
1.2693
-0.697792
-0.52008
1.22931
0.691558
1.81066
-1.1668
-0.033655
1.318
0.193749
1.72726
0.755948
0.446511
2.15712
1.90238
1.40333
-1.05824
0.383628
-0.359857
0.818794
3.11057
0.467177
2.24402
0.732372
1.32004
2.27393
1.69036
0.553962
1.26284
0.732685
0.376024
2.45685
1.49595
0.494606
2.16835
0.0332379
0.875578
0.272666
1.68486
0.277195
1.50416
0.900833
0.549038
1.26157
0.559412
1.30045
-0.708851
2.82408
3.15719
0.927208
2.60732
-0.249568
1.02457
-0.128027
2.19035
1.39616
1.52207
2.03293
-0.11291
0.609282
0.736508
0.229981
1.36452
0.813431
1.07689
0.269971
1.5619
-0.222239
1.08657
0.544113
-0.281446
0.0944834
1.28988
1.12736
0.621842
1.04024
0.898916
1.63775
0.688138
1.4485
1.06699
1.06919
0.773719
2.24569
2.72606
0.162505
2.46917
0.459265
1.5455
-0.219887
1.53336
0.302222
1.4634
2.77303
3.09375
0.44641
1.60582
0.285796
2.92208
1.98782
1.18243
1.5991
0.204246
0.149076
1.47118
1.79262
0.467603
-0.442012
0.838643
-0.589586
0.863737
0.158689
0.80965
0.90488
1.76605
0.0409124
1.14945
-1.60378
2.08236
1.0555
2.0805
2.79705
0.0331502
0.36068
-0.0499918
1.54546
0.319375
1.46258
1.10928
0.533501
1.61422
1.59355
1.48478
1.43185
3.61309
0.657476
2.39626
0.0896566
0.179704
0.958365
2.71199
0.655568
-0.815259
-0.270278
0.702504
0.513296
-0.625277
1.73387
0.502733
-0.112436
1.27137
0.224399
1.05263
1.55867
0.192679
-0.444899
-0.598333
2.73729
0.514416
1.37541
2.65851
0.512011
-0.434589
1.41716
1.07955
1.23808
1.82493
0.591326
2.15626
0.349218
1.75927
1.4263
2.95091
0.873553
1.56182
1.31616
1.73711
-0.392496
1.04666
-0.976261
0.877067
1.66208
1.28024
2.32153
-0.255118
3.72964
0.0166734
1.22836
2.3989
1.58653
-0.631154
1.08982
-0.37904
0.323635
0.463818
0.947076
1.32674
0.653634
-0.157236
-0.430034
0.089552
0.842076
-0.507981
1.20463
1.93291
0.875578
1.9112
1.05139
0.0979607
0.2403
-0.0036052
0.67196
2.00696
1.57438
1.08779
1.20212
0.588748
0.680126
0.894356
-0.0464471
0.71616
-1.02685
-0.459531
2.24778
0.982103
1.67403
1.28795
-1.16365
1.88659
1.87908
0.733313
0.439438
0.75969
-0.753803
0.804413
-1.01301
0.384336
0.500683
-1.13108
1.97261
1.37585
0.925966
0.101377
1.83485
1.72076
0.336818
-0.63205
0.916117
-0.440546
-0.519273
0.151596
0.348035
3.35236
3.23948
-1.46174
1.17896
1.48799
0.815559
0.351761
2.00853
0.73503
1.66152
0.174277
1.88191
0.280631
0.69655
1.91782
0.743292
0.541205
1.47804
0.359628
0.358375
0.699103
-0.510974
1.58351
0.431941
0.805882
-0.0462398
2.36658
0.653649
-0.214734
1.13774
2.40434
0.426377
2.57754
0.131674
0.798333
2.25112
1.47727
2.90409
0.520688
2.27288
0.652733
1.45864
1.49327
0.76275
1.24524
0.916971
-0.151068
1.3764
0.423527
1.23344
1.87946
0.230836
1.76879
0.647004
1.02373
1.84028
1.8564
2.29825
0.720608
1.40345
0.555205
-0.763509
0.940437
2.63207
0.542882
2.6317
0.572202
1.81112
0.9388
1.52755
-0.20251
-0.0782177
0.747237
0.848826
2.44746
0.573457
0.727521
1.31765
1.64069
0.11209
1.51538
0.0985404
0.00925394
0.56305
1.96932
0.453813
2.59454
0.341333
1.20829
0.928889
1.77752
0.943543
0.681508
-0.154897
-0.363952
2.8168
0.869254
1.11167
0.415438
-0.325208
0.818163
1.20448
2.13545
1.00989
1.28689
2.16613
0.866574
1.45408
0.793957
1.45495
-0.93493
1.11169
0.811694
1.05858
-0.0606216
1.31695
0.24412
1.55185
1.02651
1.7374
0.744901
0.221847
2.136
0.355941
1.01959
1.84204
1.28642
2.7903
1.45475
0.930977
1.18016
3.17478
1.44089
1.22087
2.89567
1.05372
0.510287
1.69461
-0.400907
0.647304
1.09977
1.16621
0.877495
-0.652659
1.10141
-0.667057
1.45197
0.397972
0.601589
-0.4975
-0.492019
1.54115
-0.0370826
0.102549
3.18372
2.76629
2.23878
-1.58379
-0.795301
1.15715
1.33925
2.26518
1.13515
1.83237
0.0631808
0.677387
2.24575
0.876318
0.569993
0.660796
0.983656
1.25634
0.731024
1.95751
1.41502
2.35358
2.35653
2.51299
-0.154293
0.568405
1.35199
1.04361
1.30161
-0.234068
-0.0834343
2.65397
1.92963
1.49544
1.2525
1.42989
-0.385469
-0.385797
1.9016
0.967639
-0.573769
1.73097
1.53906
2.0998
0.471874
2.51546
0.248341
1.6057
0.604052
0.055371
1.64361
1.61992
0.597342
0.0807375
1.0317
0.398343
1.51974
1.57356
0.856329
1.72184
0.734845
1.31046
2.91715
1.55408
1.56689
-0.930359
1.85126
2.19142
1.95216
2.09365
0.800519
1.12521
1.87643
0.83561
2.46456
2.36805
1.00605
1.74857
1.12359
0.927307
1.12365
-0.436092
1.31323
0.47753
2.80534
-0.607034
0.297406
-0.153295
2.73883
0.534191
2.12762
1.63461
2.53834
0.180051
1.90266
1.83025
0.786654
1.50059
0.631411
2.40177
0.905678
1.173
0.619036
2.91842
2.05503
2.55671
1.30083
0.0604778
0.807812
-0.267604
1.3521
0.263976
2.61792
1.116
3.21807
0.0491823
1.86997
0.997677
1.10091
1.29533
1.19476
1.19409
0.275246
3.66025
0.808287
2.25513
-0.569338
0.875213
0.800932
1.42985
1.37455
-0.206614
0.852541
2.32336
-0.695564
0.51502
0.437359
1.06398
3.10444
1.12248
2.09987
1.73908
1.25361
1.79233
0.769877
-0.316239
1.72143
0.487485
0.53241
1.77877
0.420433
0.593153
0.2566
1.14467
2.36155
0.822654
2.28515
1.03585
0.87991
1.70606
0.58804
1.44392
1.44254
1.07308
1.27896
1.28954
1.40038
-0.448593
1.0062
0.843692
0.338717
1.95441
2.26903
1.46361
0.3693
2.11349
1.83048
1.67694
1.15313
1.43434
-0.0267437
0.593406
1.74316
0.161173
1.63173
0.674073
2.14354
-0.0368387
1.39448
0.478057
0.241655
0.519196
2.812
2.42166
-0.976458
0.901466
2.2397
1.76995
2.16904
0.565512
0.397762
1.03106
0.631592
0.649678
-0.572979
2.24137
1.05404
1.81681
0.359212
0.595161
1.75178
-0.581758
1.24023
0.40001
0.12517
1.33452
0.564175
0.553134
0.473438
0.645285
2.42632
2.03567
1.22631
0.945017
2.94537
0.776055
1.24673
2.02538
1.06673
0.03339
0.997342
0.397972
1.09533
2.70353
-0.570533
0.324043
1.13461
0.247869
2.14157
2.75982
0.487589
0.956111
1.62801
0.788294
3.27363
0.451755
1.32733
1.27315
0.0202494
0.854417
-1.30254
0.752718
1.20474
-0.532433
2.72448
2.27045
1.23534
1.30714
1.18229
-0.981903
0.347623
1.04983
-0.930546
0.97029
0.177629
1.127
0.416327
0.627563
0.057251
0.991513
2.4965
0.192368
-1.06701
2.20517
1.7206
0.375963
0.405488
1.10161
2.45299
2.43929
0.374788
0.987505
-0.143813
-0.632503
0.137552
0.613607
-0.122868
0.6988
0.931988
1.19613
1.75272
0.819629
0.0730703
0.762463
2.20445
0.672674
-0.257874
0.248031
-0.355052
-1.39276
0.412809
1.05108
1.5088
1.4186
2.00174
1.43607
1.20557
0.674156
-1.74918
1.58034
0.0936064
1.30314
0.0494217
2.3649
0.806695
1.49695
0.60803
3.00573
0.394399
0.558528
1.93995
0.605582
1.1097
2.85584
-1.04029
1.0233
1.19087
1.25675
1.4088
0.749652
0.0435013
2.48963
-1.32395
0.917501
-0.300197
0.58837
-0.18408
-1.1278
0.164979
0.564955
2.65161
-0.706712
2.1357
0.243744
0.803209
1.68266
1.94382
1.25989
0.936865
1.21109
1.99019
0.978329
0.102993
1.62805
0.111244
2.64182
-0.152671
1.16825
0.635664
0.112053
0.703282
0.298436
0.641845
-0.0239703
0.0151902
-1.02482
2.80744
0.555809
1.05725
1.50179
2.14925
0.456886
1.34003
0.0215637
2.21511
1.13995
1.98331
1.64797
2.64976
1.2891
0.521156
1.3569
0.657285
1.19717
1.68844
1.04425
1.04833
0.127515
-0.322807
2.00764
2.22429
-0.165711
0.0831683
0.88728
1.38741
1.19707
0.967918
1.05861
2.26198
0.915987
-0.247314
1.9795
1.0757
1.67928
1.71391
2.09403
2.58183
0.553779
-1.3136
0.736888
1.80301
0.697265
2.46228
0.223904
0.897138
1.31289
-0.602182
1.83485
1.01159
1.17717
1.82641
0.830407
0.800781
1.64123
1.82131
1.16203
0.672007
0.189089
-1.51261
2.20846
2.55531
1.13845
2.83364
0.179027
0.731616
2.24113
-0.0112402
1.23903
-1.00528
1.93627
-0.318914
2.01496
1.21541
1.50143
-0.802234
1.08879
-0.356622
1.46863
0.938561
0.393126
0.804805
1.88748
1.76334
1.99704
0.326858
0.856418
0.507125
2.21155
1.0097
0.980005
1.27379
0.673295
3.06375
0.509294
1.12789
-0.548531
1.93261
0.750696
0.69442
1.23086
0.303754
1.21233
2.6062
0.743646
1.63944
1.75828
-0.325529
1.41168
2.35541
2.7193
-0.46699
0.527751
0.934831
1.07171
1.546
1.23968
1.50419
2.86507
0.370855
0.382418
-0.54651
-1.30238
3.28568
0.0393769
1.67049
1.37511
1.62374
2.6226
1.58726
2.6029
-1.66664
-0.883862
1.83571
-0.629798
-0.0817592
1.2158
0.141336
1.28298
1.37433
2.32997
2.47556
0.312377
0.225444
-0.358879
0.961305
0.693609
0.452355
1.5488
-0.479604
0.327555
-0.924376
1.85063
0.31503
1.63947
1.05126
1.65938
0.869481
1.53064
0.550609
0.0714552
3.5751
-0.0690177
0.794203
-1.00816
0.0175841
0.620163
1.25663
1.99151
0.303962
1.69888
1.14713
1.50066
0.200264
3.62034
0.545642
0.20788
-0.732923
0.565186
0.328657
-0.323178
0.148144
0.497052
0.879477
1.59453
2.77857
-0.0760329
0.205982
1.12257
0.624186
2.41516
1.56432
0.111836
1.19715
0.951702
-0.425058
1.98467
1.95006
2.35383
1.67964
1.63595
0.80115
0.983945
1.31096
-0.102337
1.05318
3.55876
1.74333
1.74965
1.87148
1.07753
1.83108
1.79496
-0.444622
1.10564
2.24609
1.92506
2.3562
1.44813
1.96515
0.371654
1.79745
1.58595
1.47305
2.6058
1.48441
0.0201513
1.90734
0.217063
0.728674
1.15239
2.1723
0.702119
1.64789
-1.42264
0.922849
0.774671
0.600602
1.2869
1.93145
2.57913
0.891126
1.1762
1.07149
2.256
1.05895
0.618122
-0.195882
-0.834419
-0.879517
-0.0334009
1.18115
1.07875
1.58494
1.82408
1.0906
2.79552
-0.664547
1.52078
1.70536
1.30011
0.96861
-1.46824
1.26937
-0.315716
3.17857
1.07621
0.0662296
0.834846
-0.0332396
-0.663823
0.826396
0.426043
0.626122
1.16787
0.533977
0.835943
1.62061
3.83101
1.59096
0.656619
-0.391307
2.74298
0.439747
0.182289
-0.114584
0.966486
2.52183
1.72975
1.16222
2.6213
-0.334099
2.0314
0.715053
1.31127
1.54664
0.42806
-0.506055
-0.177591
-0.077431
1.05833
0.363796
1.30062
0.662925
2.35089
-0.0212998
0.21774
1.46801
-0.408232
-0.298119
2.67029
1.4207
2.02034
0.313489
1.81869
0.515009
0.434225
1.09804
0.681386
1.69263
1.48599
-1.10681
-0.980101
0.294833
1.28487
1.50633
1.24205
1.80327
-0.0220355
1.00569
0.858542
1.08577
2.12244
2.49197
1.04951
1.24001
1.23517
0.394562
0.820063
0.219797
1.70289
0.899036
-0.889274
0.9073
2.91653
0.805925
1.9366
0.990609
1.53906
1.8121
-0.829226
0.541361
0.724085
-1.07234
2.07071
1.53183
1.08815
2.39227
0.148289
0.105621
-0.133193
2.32242
1.68386
-0.468832
1.69024
0.823467
2.2755
0.50673
1.62959
2.1121
0.132589
2.98519
2.49172
0.421947
-0.327757
1.18284
0.412894
0.00602958
1.41042
1.5832
1.747
0.49517
1.87732
2.00986
0.249435
0.587291
0.149862
1.0747
-0.0229028
-0.034121
1.39357
1.61268
2.78041
1.22744
-0.499074
1.94638
1.24855
0.916797
3.03466
1.13084
0.547928
-0.328859
0.217109
0.0290358
-0.802858
1.092
1.42559
1.85926
0.880865
1.24752
-0.164128
1.99408
0.349664
2.11059
1.24403
0.958374
0.38009
0.303029
1.62709
1.59704
0.531532
0.155766
0.682426
-1.07246
1.18287
1.51918
-0.232268
0.607744
1.1458
0.901395
-0.2614
0.576087
-0.826262
0.38647
3.67967
1.37685
1.15058
-0.165321
0.0677495
0.51956
0.484378
1.50372
0.645459
1.80826
0.171722
3.29728
2.04421
1.79906
0.639298
3.24195
1.42696
1.34873
0.293249
0.140412
1.78885
0.64932
1.93502
1.62045
1.23505
0.34013
0.507752
0.471952
2.0125
0.584209
1.41651
1.29169
0.910911
1.09822
2.2119
1.41638
1.69357
0.0979343
1.39868
2.64043
0.398683
0.466041
2.47787
-1.09735
1.22352
0.175183
2.21344
0.136023
1.12922
2.12285
1.27862
1.39146
0.496127
0.40495
1.00788
0.93545
1.51317
1.17896
0.58097
3.47893
1.90201
-0.588302
1.33421
1.71895
0.294526
-0.201475
0.730217
0.970271
0.396013
0.366805
0.555234
0.551213
1.91009
-0.260756
0.834794
-0.132571
1.33978
0.806904
1.65601
1.32436
1.67021
2.40696
0.654227
1.31103
0.647728
0.312194
0.673537
0.901594
2.04454
1.84115
1.24449
1.85652
0.279935
-1.19314
1.58243
1.20925
1.86933
0.818443
1.83381
1.83607
-0.280687
0.576445
0.875509
2.71413
1.53166
0.555952
-0.344006
0.512163
0.484445
3.27492
1.73056
1.82559
-0.39251
-0.23342
-1.31003
1.14297
1.54467
0.963466
3.22036
1.38526
4.0973
2.45647
-0.0365006
1.17413
2.25945
1.94244
1.04299
1.88626
-1.31787
1.17747
2.28561
0.707528
1.17986
1.10828
0.287785
1.63469
1.16256
2.18742
2.65626
0.914274
1.18648
1.89005
2.10501
2.22192
-0.460722
2.46638
1.99611
-0.493174
0.737757
1.43792
1.60421
-0.370148
2.52095
-0.780988
0.593744
0.646026
1.73757
-0.13128
0.612588
1.97359
1.07016
1.50603
2.41646
-0.472952
2.43293
0.989316
1.10848
1.2478
1.21402
2.16918
0.0905665
-0.649501
2.07297
2.51989
0.293809
-0.194584
1.40093
0.310781
-0.937823
1.38637
1.73102
-1.84471
0.388969
0.00406188
-0.231565
0.736328
0.870099
0.193182
1.33211
1.19632
1.09227
1.26249
-0.876471
-0.59453
0.156966
0.811865
1.57897
0.437625
2.01434
0.562182
1.89065
2.3614
1.42829
1.12873
-0.749451
0.595335
-0.587807
1.8561
2.07778
0.619345
2.7385
1.87301
2.19478
-0.251794
2.00433
1.07846
4.25419
2.52089
2.90761
2.2829
3.5542
0.391775
1.74315
2.36713
-1.02201
1.65097
1.38462
0.150902
-1.01092
1.26153
0.103711
0.413831
0.14712
2.28077
1.12379
2.0161
0.472837
2.37671
1.38106
1.87755
0.235425
0.585832
-0.852939
2.09256
0.0111943
-0.0910725
-0.465625
1.84625
0.0432337
1.14178
0.633305
1.89141
2.6541
0.60625
0.995388
2.37257
0.552896
0.8615
1.8847
2.92728
0.654197
0.283116
-0.0875429
1.3606
1.38131
0.222915
0.522385
0.736689
0.532793
0.116905
2.16878
3.67319
0.316393
1.93045
1.73133
3.51279
-0.689628
2.47917
1.50957
1.00793
2.42037
1.03923
0.49024
1.5825
-0.775657
2.05508
1.6502
1.48445
2.02345
2.05564
0.855193
0.989266
0.556614
1.67313
0.0292094
1.45081
1.46609
0.446568
0.0754864
1.00295
2.72829
-0.440938
1.51467
1.89805
0.603191
0.675147
1.07956
1.0348
2.45815
-0.0757311
1.47895
2.14618
0.644501
1.52932
0.148936
-0.636533
1.47832
2.2876
0.404477
0.193241
1.21815
-0.85625
1.46028
0.820495
-0.0948506
1.58049
1.90746
0.361603
1.28892
0.591194
0.502575
1.43722
1.25943
2.45602
0.973279
2.0556
0.91572
0.479573
1.36435
1.59356
-1.44205
-0.740927
0.0999797
2.49087
1.86551
1.73782
0.102474
2.98145
1.01498
2.85925
-0.354811
2.65765
1.83911
2.02948
3.66309
-0.667615
-0.313279
1.24658
2.37747
1.74767
-0.213415
2.59574
2.35984
0.430479
0.708304
2.7608
0.839511
0.556477
1.95767
0.669677
1.53494
1.3887
1.05555
1.2802
0.765508
0.438891
1.76166
1.66331
1.82968
1.11555
1.13785
0.573277
0.54129
1.06505
1.14213
2.61798
1.29985
0.948496
1.38143
1.94527
-0.120826
1.84443
-0.896702
2.56202
1.06096
0.472731
-0.157439
1.8553
0.187939
0.66356
0.857463
1.95428
-0.0345855
1.12286
1.62126
0.956588
0.794165
0.356692
-0.185285
1.38497
1.18564
0.215863
2.40988
1.00036
1.49559
1.57608
1.70658
1.98595
-0.267318
-0.883206
0.156365
-0.800335
2.79049
-0.36514
-0.4856
-0.47341
0.895738
2.58926
1.23539
0.355569
1.71381
1.04023
1.16723
1.46603
3.4576
-1.61331
0.070858
0.822722
-0.540527
-0.102547
0.189485
0.468629
2.28068
1.75344
0.459775
2.26448
0.835544
-0.506428
0.614898
3.03542
-0.18808
0.635071
0.310305
0.961487
2.61744
1.56148
0.191236
0.846069
1.01257
0.267231
-0.264721
0.17833
1.33842
0.689574
0.916233
2.47583
0.852406
2.68672
1.62042
1.74293
1.51296
0.130833
1.00007
0.133535
-0.689798
0.452848
-0.445864
2.62566
0.484293
1.81297
2.43621
2.0387
1.07718
-1.04119
-0.205228
-0.0978248
1.80687
0.215835
0.957214
-0.527926
1.56065
0.725461
0.737457
-0.434048
0.967295
4.42663
0.342358
-0.531966
2.18373
0.682292
1.41514
1.2624
1.38979
0.223444
0.836085
1.52581
0.251275
2.15885
1.77151
2.85116
-0.0530718
0.934483
2.34373
-0.142899
0.617648
-1.27462
1.80292
0.74487
0.708309
1.0071
0.0191199
1.7644
1.99537
1.38818
-0.228033
0.606708
1.79444
0.574212
1.68016
2.31136
0.84725
0.925593
2.80755
-0.887074
1.70169
-0.0866277
-1.82648
0.760548
0.137926
-0.335624
1.96986
0.561036
3.57217
1.97641
1.78822
2.0543
-1.20292
0.605985
0.582658
-0.493109
2.31947
1.34184
2.19816
0.430153
1.06819
0.410307
2.11625
0.541466
1.28813
1.50337
1.22062
0.958899
1.78002
0.916249
1.94406
-0.654625
1.08461
-0.10988
0.998786
2.23995
1.49528
0.444264
2.1762
1.51451
0.906273
-0.549087
0.853919
0.751801
2.74883
0.120825
1.905
2.20037
1.45672
1.01868
1.05646
2.71088
0.536761
-0.138459
-0.946297
0.135299
1.61389
0.784755
0.601439
0.535716
1.18411
0.756442
-0.146011
2.81118
2.04727
0.160031
0.968713
1.05806
1.41809
1.89144
2.20649
-0.326788
0.541414
0.0430319
1.45239
1.42617
1.01408
1.01566
2.49038
1.9408
1.75588
1.61964
2.97613
0.372227
1.97938
0.660301
-0.253331
1.45526
0.0244873
1.13726
0.92038
0.815362
0.590542
-0.0370697
0.743321
0.203143
1.11287
0.268769
2.28608
-0.506944
0.729794
1.27887
1.93664
1.12786
3.69451
0.214958
0.444441
1.71937
-0.559356
1.12482
1.79774
-0.0771686
1.06024
1.16445
0.342763
-0.612518
0.915024
1.11181
-0.0361807
0.481253
2.20207
0.108234
0.969173
1.08595
2.41653
-1.04446
2.12902
0.672859
2.2855
1.18282
-0.646466
1.81164
2.7297
2.39359
1.19356
0.406374
1.4022
0.423458
0.163819
1.8264
2.49763
2.30011
-0.214879
3.53055
1.524
2.30276
1.98054
-0.308259
0.993061
2.93736
1.24666
0.232693
0.738751
0.458441
-0.331684
1.46141
0.575459
2.07693
1.95603
1.25704
-0.0151333
0.881526
0.0976719
0.493794
-0.167496
1.32577
1.09592
1.97771
0.165302
0.18373
0.717934
1.67265
-0.0618558
0.46741
1.91847
1.18654
-0.0900956
-1.18491
2.82756
0.433332
1.57853
1.15038
0.898276
1.58313
0.998657
-0.612998
1.38137
1.01178
1.17113
0.0917256
0.493028
1.17898
1.63384
-0.317903
1.5761
0.940465
1.69616
0.62405
0.497695
0.183769
0.371985
1.25487
1.5787
1.10044
0.00450219
1.19224
1.1206
4.03412
2.50511
0.375839
1.86036
1.33251
0.371563
0.256573
-0.214912
-1.93682
-0.85128
1.21029
-0.191405
0.59543
2.11528
1.28275
1.14498
0.734062
2.35463
1.09919
1.99486
1.22995
0.484879
-0.0402212
2.63096
0.440668
2.66001
1.10183
-0.503611
1.47002
-0.489839
1.8965
0.0133918
2.22049
0.209538
-0.344543
2.42751
0.333437
0.500021
1.22494
1.79698
1.24122
0.110598
2.33271
1.61165
0.649425
0.36314
1.84234
1.33401
2.39748
1.83382
1.73944
2.03582
1.85184
1.12188
2.72557
1.45518
2.15806
0.648357
0.60884
0.80085
0.727176
0.855662
1.19015
0.64371
1.16471
0.00546838
2.1555
1.96965
0.00379691
1.53124
2.11034
0.330679
1.52845
0.55716
1.99344
-0.405791
0.989304
0.932645
1.53338
-0.770131
0.441965
2.06797
1.99391
2.61935
1.28975
1.07735
0.631118
0.246835
0.459371
-0.187187
-0.16493
1.08305
2.87238
0.0286588
0.872989
1.25163
-0.32291
1.58214
0.998824
-0.38135
0.361097
2.6158
1.28809
0.348826
1.78214
0.58126
-0.386755
1.92092
3.49672
1.33362
2.06935
1.62951
0.546425
3.54798
2.02482
-1.05717
-0.220762
-1.57768
-0.314415
1.25268
2.44008
1.77657
1.43988
1.20692
1.04926
2.44319
2.50983
0.681729
1.24259
2.37776
0.938006
0.762778
0.793376
1.85731
1.41231
-0.0820431
1.28544
1.41483
0.370594
1.32375
1.20382
-0.694192
0.993814
2.20385
1.34291
-0.00216447
3.19619
-0.136583
0.772546
2.47225
1.35478
-0.321042
2.70315
-0.186113
0.428099
0.743533
0.892941
1.9663
-0.97523
1.97273
2.40083
2.31098
1.07538
0.470589
-0.167446
0.790625
2.7395
-0.469057
0.93766
0.561004
1.68151
1.72705
0.0543736
0.0706326
1.7488
3.36698
0.80434
1.06161
1.87673
2.21352
-0.0686673
0.462186
0.889973
1.89311
1.18122
0.542311
1.17662
1.96997
1.56592
1.69872
0.440279
1.09295
2.66952
0.052253
1.99846
1.11195
1.56438
1.78579
1.4111
0.769888
-0.102486
1.09767
0.600854
-0.770307
3.02788
-0.791864
0.934665
-0.412408
0.935413
2.01393
1.86319
1.13001
2.28108
0.469638
0.968644
1.84955
1.34986
1.88237
0.789291
0.735451
-0.327432
1.1285
0.771547
0.132025
2.27701
2.00637
0.566985
-0.699569
1.7167
0.372839
0.497421
-0.00315775
0.0698607
-0.102672
2.27896
-0.738335
0.634805
1.50752
0.680168
0.88022
0.357272
1.36041
-1.44746
0.494215
2.27742
3.00084
1.85632
1.21274
0.807233
1.13484
1.46037
3.33488
1.09731
1.25349
1.32375
0.872566
0.56078
1.86214
0.359731
1.27437
0.10709
-0.287669
-0.210235
0.527353
0.553845
3.36814
1.07824
-0.19991
0.427587
1.35805
0.689729
0.924797
1.26617
1.0653
0.275379
-0.160129
1.69318
1.62627
0.258953
-0.0565212
0.604894
-0.0189568
-0.350803
3.14416
0.861212
2.49079
0.0609376
1.50084
1.67994
0.810573
1.15813
2.44321
-0.61711
3.24487
1.22839
2.54561
1.10376
2.52251
0.698097
1.30968
2.37967
-0.988212
2.00422
0.185098
0.533369
3.26897
0.475428
0.245743
0.909908
1.56497
1.03872
1.58884
1.8844
1.39135
0.0994128
2.07812
2.12726
1.16048
2.55538
0.713263
0.263958
1.61895
1.54902
2.35775
0.394087
2.24392
-0.132063
0.58783
1.05446
-0.656083
1.07626
0.393546
0.282452
2.10488
0.908449
-0.812005
0.507867
0.712367
1.85995
2.55679
0.866184
-0.809278
0.894497
0.967887
-0.833872
1.20996
0.656452
1.17538
1.22357
1.33222
1.01774
0.196702
0.756902
0.96953
1.59645
1.49628
0.800761
0.91119
-2.09627
2.05423
2.45479
-2.4377
1.36864
1.1738
0.818198
2.18755
1.31119
0.0212349
2.49811
0.470294
2.5964
1.36767
1.41356
0.134453
0.449152
1.00779
1.60399
0.982476
1.31923
0.103139
1.01141
1.38517
0.296901
1.24506
0.577335
0.349757
3.09225
-1.59659
0.0780085
0.510543
-0.660344
0.616998
-1.12602
0.781478
0.0738471
0.944127
0.861776
1.2872
0.992159
0.793826
0.529473
1.35765
2.26317
1.32892
0.444952
0.826916
0.493878
2.0216
0.683044
0.415587
0.187644
0.569503
0.941346
2.28345
0.847582
1.12987
0.179494
2.69446
0.664733
-0.430284
2.26377
2.19266
1.05661
2.46163
0.194771
0.155613
1.28135
-0.524009
1.69904
1.74299
1.32502
2.06213
2.65418
0.460931
0.0443564
0.477198
0.396773
0.75811
1.09709
1.10341
1.83323
2.23713
1.32699
-0.233557
1.18038
2.12991
0.236362
2.54409
1.15833
1.10531
0.694985
1.33533
0.577963
1.43898
1.68692
-0.528446
1.41083
0.929937
0.784005
0.900791
3.02523
1.87206
1.04006
-0.121309
1.61214
2.18109
1.33145
-1.4295
0.710212
1.09798
3.38591
0.233062
-0.961971
1.38948
1.055
0.259898
1.171
0.942153
0.322376
0.716488
-0.386751
0.946926
0.992684
1.31654
2.22672
1.28863
0.431015
2.22596
0.859802
1.53375
1.05895
-0.819772
1.78766
1.26666
3.16141
1.75749
-0.61372
2.70618
2.47293
1.47613
1.68559
2.19638
0.12734
1.24595
0.49634
0.732011
0.588957
0.0936044
2.32023
1.83846
-1.4022
1.22726
0.714202
-0.181658
0.928039
0.674949
2.00094
2.12963
-0.0331837
0.171104
0.698478
0.356256
-0.721687
1.44637
0.881734
1.55783
2.38562
0.814572
1.32297
0.597178
0.626459
-0.720783
2.03518
-0.586648
1.89749
2.10823
1.14947
0.501783
1.48199
1.97404
1.45702
0.480188
-0.126869
2.97682
-0.3037
1.39833
1.22003
3.42559
2.4269
0.214454
0.659948
1.60639
0.871262
0.971095
1.037
0.731023
0.0780585
1.20614
2.07579
1.668
-0.0606222
0.883864
1.32717
-0.015987
2.07115
0.522043
2.10739
2.55553
-1.29944
2.06789
1.85774
0.568866
1.38579
2.20808
0.950541
0.12884
-0.0577936
3.11383
1.36976
-0.0885633
3.99369
2.15428
1.09427
1.40756
1.44842
1.92965
0.872166
1.07059
1.37535
-1.09644
0.991617
0.804713
0.329879
0.978048
-0.157564
1.70479
0.66631
1.15632
1.28598
0.129416
1.35715
0.757874
1.17558
1.18176
2.78147
1.39859
1.00949
1.28336
0.786553
-0.663744
0.189306
1.22889
0.458427
1.30714
0.708909
0.495029
-1.98009
2.55786
0.698161
1.05029
-1.07543
1.39023
0.834776
-0.0668002
1.67424
-0.774375
0.148772
1.43289
0.633462
0.672863
1.53021
-0.149988
-0.394324
0.750506
0.536843
0.270933
1.75057
0.77995
0.540607
0.0791146
2.36064
0.610195
2.32372
1.93729
0.794346
1.05656
0.677661
1.20666
1.36499
0.401074
2.17275
0.136371
2.66838
1.96578
-0.391274
-0.73677
0.855223
4.37036
4.37755
2.97741
4.36925
4.25755
4.33938
3.15106
3.88284
5.02525
5.08443
3.50626
5.09612
3.34394
3.66232
4.35937
4.72292
4.26044
3.58493
3.91064
4.83174
4.87719
3.45792
4.86469
2.45475
4.65731
3.23177
4.89251
2.74198
5.61031
5.86111
2.78168
3.79063
3.09089
4.65052
3.37168
3.65299
3.7919
4.18116
1.91964
2.03442
4.25171
5.94235
4.99405
5.44692
2.53199
4.388
3.68807
3.65937
5.99344
2.79596
3.56657
4.53133
4.98428
3.80674
3.95639
3.07743
5.90706
4.02035
3.50907
2.71207
3.14782
4.27817
4.89223
4.50674
3.98434
3.77622
5.5176
3.18613
3.94615
3.66218
3.07458
3.62178
4.74284
3.54425
3.60259
5.16102
5.0971
2.95134
2.91215
3.37596
4.41609
3.13935
4.57566
4.47267
3.66161
4.0418
2.67365
5.34108
5.63297
5.20821
4.86848
4.39545
3.066
5.11194
2.48011
7.17811
3.8096
3.36591
3.72706
5.67768
3.79616
4.90394
2.80705
4.10426
4.37962
3.22146
3.40955
5.5071
5.01773
2.9453
4.98456
3.44325
3.60715
2.38995
5.2257
2.27705
3.59893
5.78207
4.94313
3.87018
5.00089
2.33614
4.40631
3.97634
3.84625
4.04433
4.49866
3.5419
2.83783
3.54658
3.23554
3.27807
5.09538
2.84775
2.79688
3.65612
4.26498
4.39639
3.34504
4.40781
3.37402
2.59341
2.84545
3.0535
3.91364
2.93649
5.11225
3.37734
3.10563
5.3736
4.28834
4.18642
5.64866
3.75273
3.17321
4.72171
3.77219
4.72038
4.20668
6.75498
4.64037
3.23046
4.10984
5.4879
1.27502
3.65673
5.00889
3.81326
3.50398
4.86323
2.19897
4.02565
2.05791
4.27026
4.23629
2.56111
4.72808
4.41578
4.65144
4.26529
4.4858
2.78719
3.32497
4.73151
2.34518
4.70466
2.8652
3.88494
3.4514
3.63085
3.83048
4.08535
1.17302
2.2514
3.97691
3.424
5.626
4.20204
3.35639
2.48664
3.50186
4.83418
4.12914
4.10771
4.02067
4.1203
4.18713
5.06575
3.14019
4.30066
4.72662
4.51199
2.71703
4.8087
5.88516
4.59357
3.11689
2.97314
3.79215
4.17134
2.97735
5.39694
2.39289
5.15617
4.43447
4.70129
1.44234
2.70698
3.10535
3.2838
4.72081
5.99873
6.03324
6.26387
5.16159
3.61671
3.86468
3.27549
4.1643
5.92069
3.9295
3.85712
5.46019
5.91678
3.40609
4.45534
3.92739
5.07525
3.64168
3.21598
2.96332
5.25231
3.26861
4.33923
4.5519
3.98675
3.50293
5.83603
2.38782
2.26868
2.7254
3.84415
6.18783
5.23758
5.76417
3.16376
4.21802
4.12603
3.23214
2.42688
2.81334
4.12113
3.13215
5.95068
6.4411
2.77089
4.24557
1.64487
4.41936
5.42585
3.76456
2.44014
5.38932
5.64128
4.80147
2.08779
3.18315
4.96153
5.60347
2.78711
4.701
3.21973
4.31349
4.53019
2.23881
2.53553
3.92293
3.38687
2.07629
4.01853
4.86927
4.41029
4.67195
3.69373
3.96628
3.74069
2.73633
3.11978
4.90487
3.41968
4.63377
5.88546
6.02484
4.72002
5.36824
6.94504
5.93733
3.10738
2.45408
3.93307
3.50146
4.45466
3.7639
2.95143
4.08781
4.31828
1.67741
3.93137
3.88452
2.64153
3.62727
3.55557
5.65307
4.81584
3.01479
3.95898
4.48878
3.4867
4.40927
3.42236
2.50832
3.2998
2.45983
2.36961
1.65876
3.64458
3.76097
4.10116
2.13458
5.41292
3.79733
3.33369
4.68679
3.87574
3.90378
5.52093
3.87974
3.01811
4.85533
4.35299
2.97524
3.12571
2.20178
4.87637
4.99467
4.13817
4.56818
4.80165
4.37031
3.11032
5.47258
3.666
4.91662
3.40802
3.99695
2.33019
3.78858
3.12114
3.3966
5.1969
4.93704
3.92322
4.7193
3.35663
6.12499
6.02063
3.52848
2.72761
2.73453
4.47288
3.49463
3.79124
3.81279
5.53945
4.85029
3.43084
3.71579
2.49866
4.67478
4.37286
3.23063
4.21633
2.52427
4.93339
4.16755
2.12542
4.37565
2.20044
3.96162
6.01085
1.69811
4.49219
4.3793
2.35513
3.70433
5.16643
4.08961
3.96301
4.58903
6.4356
4.71142
3.24834
3.80419
5.01039
5.13101
3.79055
2.92864
5.99211
5.29309
5.01489
4.86978
2.8493
4.707
5.63069
3.53796
5.42701
2.67282
3.37891
3.61113
4.32187
2.31357
4.22718
4.52098
2.76509
5.68588
2.87557
2.90543
3.53776
1.33501
4.48786
4.00856
2.60787
2.24946
3.12901
2.57656
5.97109
3.10356
3.86345
4.48214
4.21781
5.5568
5.65339
4.0122
4.33647
3.99575
3.06548
3.45366
4.55842
4.46112
4.57742
4.33831
3.99008
4.12626
5.17107
6.35238
2.49167
4.19121
3.91784
4.19579
6.4622
5.30019
5.29477
4.34822
3.92793
4.07147
3.06749
3.31398
5.00672
1.6831
6.52687
3.67563
4.02814
4.02231
3.8333
3.58895
3.64035
4.34715
4.34155
3.20106
4.70058
5.21428
4.05291
2.88388
5.04478
4.11632
3.67141
3.08447
4.66053
5.27337
5.11905
5.07711
3.98882
2.8676
4.87044
2.90456
3.27801
4.04164
4.44969
4.24092
3.39008
6.12149
2.93873
4.51849
3.98028
4.72142
3.34226
4.21881
3.72122
4.56278
3.11376
4.3955
2.00282
4.45942
5.99866
3.18092
3.42853
3.64467
3.64161
3.57805
2.62154
3.35264
2.89928
3.05231
3.66557
3.67694
2.68498
3.1183
5.52722
3.97948
4.25894
3.22368
2.34753
3.32355
3.58575
4.74142
4.16747
3.87936
5.08825
3.38637
3.75197
3.71948
3.64402
4.99584
5.32271
4.04963
5.19799
3.19918
4.21067
4.47348
5.25672
3.30265
5.09019
3.69928
3.03808
6.22406
3.31538
4.58683
3.28081
5.71033
3.85694
2.90525
3.48836
3.74401
4.87857
3.47202
4.30364
3.26689
2.61593
3.25732
5.24272
5.43183
3.84358
2.96398
4.47766
4.18121
4.15129
4.15902
4.2346
3.3227
1.93162
3.40018
4.78316
3.45253
4.10105
5.49665
4.92245
3.69683
3.46756
5.55863
2.91727
4.88755
3.48137
4.39916
3.14327
3.94519
2.99962
4.76573
3.96945
4.80205
3.94578
6.41796
2.75119
2.50975
4.21335
2.82988
4.26366
3.7587
4.317
3.19301
3.07198
5.49929
4.83495
3.06202
4.90919
3.70981
5.01147
2.22462
3.87821
3.57906
3.27635
4.68443
3.66332
2.7568
3.82643
3.89839
4.49292
3.26495
3.39775
3.45267
4.2818
4.08468
3.41996
3.58671
2.87642
6.38175
4.49836
5.91269
3.63427
3.34305
2.69725
3.79331
3.71245
3.89522
3.32672
3.81879
2.46591
3.68361
4.7368
4.43842
4.22519
4.24581
3.9481
4.00269
2.81478
4.1323
5.30974
2.90508
3.94858
3.54899
4.38355
3.2181
4.79144
3.7112
3.63461
3.48552
3.11631
5.02662
3.48182
3.01854
3.38149
3.48367
1.31036
3.92059
3.54786
3.84844
2.98555
2.22269
5.42351
4.08635
2.99472
3.46848
4.52732
4.19135
2.95686
4.41153
2.56215
4.08835
4.23881
4.27469
5.64502
1.97221
1.30807
4.12447
6.03134
3.35815
5.15753
4.96261
3.9828
3.74366
4.73825
5.63054
2.55493
3.27715
3.18712
6.31734
2.29929
6.3078
4.96275
5.29743
4.80449
3.68408
2.55051
2.71306
4.04397
3.95098
4.6414
5.0387
2.85625
6.99462
4.50663
3.93898
3.2509
4.30105
5.03002
3.78182
4.82953
3.7637
3.32069
2.53604
2.7526
4.40907
5.70066
5.24087
3.92803
4.53224
2.92897
2.99493
4.95612
6.36321
4.627
3.57275
5.5079
4.94363
2.05656
4.04634
3.88702
4.57692
4.13121
4.59582
3.70712
3.31848
4.01834
2.62714
2.56331
2.78287
2.13399
5.41453
4.50253
4.51605
4.30346
4.11863
3.90314
4.81791
3.69436
3.09055
2.50728
3.34011
4.32427
3.41977
4.4405
4.95605
4.18399
4.00057
5.27752
3.66616
3.05016
3.37993
2.53468
5.49565
4.28561
4.60463
3.14236
4.08748
2.60524
4.72765
3.55959
5.15715
3.84901
6.05371
5.47907
6.4231
4.99292
2.28474
4.22489
5.87358
4.99027
3.55851
4.48908
2.20144
3.94702
3.68907
2.79148
3.84789
3.25547
3.90501
5.39435
5.02481
4.84875
2.54662
3.11708
4.5371
5.44255
4.00617
4.94482
4.97987
4.08519
4.00867
4.89002
2.16228
2.83863
5.68571
3.05598
5.46983
2.80526
3.96959
3.56434
4.16093
3.51333
5.09169
2.4896
2.42529
4.49693
5.6348
4.72391
4.91181
5.61558
5.21877
7.62398
3.12983
4.96699
5.68875
3.59868
2.97244
3.82593
3.22061
3.6643
4.71637
4.43657
4.19252
4.28618
3.66689
3.90564
3.94048
2.36518
5.47917
2.88574
2.98136
4.23528
3.94045
2.81427
4.9107
4.49593
3.49588
3.19022
4.42876
4.58926
3.812
3.75121
6.31433
2.37274
1.92751
2.85467
2.74007
3.65259
3.44744
4.02439
3.93301
4.68437
4.29362
2.94164
3.95021
3.73119
3.42393
3.74774
4.82397
4.24331
4.56667
4.20599
3.91955
4.10658
3.20118
5.52576
3.46371
2.82498
4.85466
2.61039
5.70896
5.10972
3.38304
3.39342
4.744
3.88579
5.31106
4.96544
3.53623
2.63976
4.44947
3.50761
5.17497
6.064
4.35817
3.62706
3.3774
5.95956
2.91827
3.07513
4.76257
4.6049
5.97323
5.05407
6.24248
3.08278
2.6245
3.19569
5.88536
4.15984
3.67218
3.67228
4.09029
3.64591
4.38299
3.50178
5.27265
3.44662
6.06774
4.48172
5.11784
3.48265
4.40479
3.66801
4.53545
3.07119
3.29194
3.13765
3.07083
3.81908
3.12881
4.09963
4.99959
3.05831
4.13747
5.72737
4.67393
5.31655
3.73764
4.80696
5.26285
4.2007
3.79311
3.912
3.82627
3.03758
2.93363
3.20449
3.71102
3.8627
4.88226
3.27681
4.18663
4.21651
5.34945
4.4719
2.79316
5.26892
4.02982
5.4177
2.71913
5.2071
4.7321
2.08023
3.82642
3.50821
4.74413
3.33349
3.16277
4.17414
4.97401
4.70225
4.64202
3.661
3.78192
4.2828
4.16832
4.94335
3.4277
3.43801
1.79515
3.45774
5.87625
2.52831
3.42728
4.74532
3.80925
3.52674
3.45567
3.7998
5.62908
4.34633
3.68695
5.17463
5.65931
2.87371
2.98104
3.80391
5.61746
2.86936
3.65378
2.54987
4.00495
3.15285
4.49343
4.00873
4.52787
1.87827
3.38224
4.60796
4.57682
2.92918
1.60772
2.71948
4.14634
2.76404
4.41836
3.815
4.01535
4.30712
4.52825
5.20593
5.182
3.68209
1.89068
2.82369
3.62671
3.83696
4.87005
4.92041
5.28301
4.12598
4.23908
3.91393
3.88143
3.75692
3.81589
3.48687
3.04343
3.28881
3.05284
2.69566
3.45437
4.26739
3.9969
4.9831
3.46787
5.40835
3.25158
4.94967
4.38658
3.87304
4.73248
3.21248
3.16091
3.12306
3.43877
4.7787
2.82807
2.13272
3.19645
4.87349
3.06882
4.13179
4.87543
3.27895
3.08851
3.89735
5.02925
4.61512
3.66287
3.60151
4.2974
2.64409
3.79997
4.96314
3.53253
4.80366
3.47068
3.50012
4.81699
4.2233
2.85093
4.68176
5.27978
3.28078
3.67133
2.31117
3.17802
5.13204
3.68574
3.60903
5.35692
2.95202
6.37773
4.23176
5.14279
2.52585
4.44546
4.68372
4.45369
4.80038
1.3544
2.48383
2.15199
4.48953
4.18885
1.57384
5.60411
4.80358
5.06407
5.13132
5.24126
4.65995
1.56284
2.98486
4.50326
4.07111
4.77006
4.93063
5.26081
4.97015
5.25495
3.65216
5.3724
4.15809
1.74128
3.87969
4.42327
4.53401
3.77629
4.82623
2.85934
4.48042
2.15199
2.93986
3.53424
3.571
3.46743
3.36263
4.3175
3.74114
5.20621
5.44374
4.19753
4.81238
4.15482
2.62944
3.32825
4.99925
4.59476
3.86122
4.7981
5.44086
2.3014
4.94556
3.87311
3.84207
4.19771
3.90042
5.6057
4.32283
4.16336
2.07803
3.89289
5.56953
2.91943
3.79828
4.4037
3.97058
3.90731
3.49644
4.13696
3.92407
3.28018
3.45977
5.3234
3.89567
2.66135
2.98562
2.97574
4.16078
3.15295
2.04944
4.67587
5.04786
3.02411
4.94645
4.41641
3.53924
3.24545
1.10197
3.2372
3.55082
3.69621
5.85164
6.10439
4.75427
4.45121
4.31771
4.50019
2.984
2.91663
4.3352
5.01494
3.74072
3.5695
3.52704
2.39127
3.9016
3.97369
4.41676
5.04314
2.42209
3.59833
3.69369
2.64457
4.59717
3.98336
3.3243
6.86889
5.43076
4.21339
4.4949
2.98339
4.29127
4.51033
3.54864
5.75053
4.48206
4.67403
6.38419
5.04904
2.91643
2.91501
3.11531
4.28499
2.58393
3.13232
4.30793
5.78779
5.63092
2.46217
3.67975
2.2286
1.50957
4.39807
2.69896
5.09976
3.13733
4.04729
3.07349
3.34762
4.88638
2.54334
5.62065
4.02972
4.15812
4.33467
4.28383
3.66097
4.47736
3.57522
3.17814
3.71064
4.34517
2.77033
3.94095
2.37757
4.00476
4.71194
4.83878
4.46647
2.57071
3.05387
1.31865
5.10556
4.43127
4.54882
3.95042
4.34972
5.42584
4.832
3.7292
4.70638
3.88116
4.07612
3.88949
5.99652
3.00372
5.20042
1.9319
3.73342
3.30194
4.32024
4.28727
5.1912
5.40857
4.50063
2.99001
3.68496
4.66865
6.02657
2.94278
6.26911
3.24365
3.18589
3.80519
4.43129
4.51897
5.05652
4.60587
4.34669
4.66057
4.47568
3.46969
4.40269
2.69361
5.23549
4.62561
2.78029
4.35837
2.83566
4.03018
2.98936
4.85924
2.64325
4.98125
2.55711
1.58065
3.64073
3.42988
1.75995
2.73509
3.34781
2.50321
4.65677
3.1213
1.94606
2.76239
4.70946
4.1141
2.36115
2.19794
3.38716
3.6872
2.60244
3.53349
3.37784
2.73967
2.18194
3.74151
4.15941
3.70371
3.79603
2.38756
3.20697
5.45094
3.29689
3.34844
3.58098
5.87462
4.73696
2.77885
2.49977
3.62594
1.52595
4.67937
3.6988
3.20814
1.83152
4.73234
5.07386
4.71687
4.69903
2.99725
5.26732
3.61792
3.03703
5.44812
5.3665
4.02383
3.99667
3.58113
3.70547
3.89814
3.32907
4.24549
1.69159
4.58909
4.74772
3.21457
4.11732
3.94033
3.74095
2.60307
4.16086
3.28174
5.07117
4.93567
2.78084
5.53597
3.92701
4.14662
4.10135
2.29955
2.08687
3.67571
4.14371
4.26873
3.69161
4.16398
4.41421
4.12681
4.4725
4.66015
5.59374
3.91453
4.68585
3.56906
3.27619
4.33529
2.13555
3.95216
4.4021
5.01272
3.3261
4.21175
4.99209
4.43823
1.49826
4.8859
1.41102
2.55274
4.89886
4.16055
2.90807
3.80344
4.57385
4.31146
4.93777
4.71458
3.29642
5.75364
4.90859
3.57631
3.18293
2.94821
2.87839
4.35141
4.1198
3.25741
4.49411
2.34914
3.74103
3.54106
2.83635
5.06378
4.22828
5.1276
3.97277
5.2706
4.04884
3.7247
5.33626
4.044
2.34838
1.09309
3.84371
4.51703
3.98373
6.20292
4.16234
3.69914
2.20034
4.09035
5.98904
4.27064
4.14102
4.14068
4.73239
4.54452
4.30329
2.69107
4.50762
5.34146
2.56634
3.64342
1.71168
4.33074
5.61588
4.58041
5.73202
4.94086
4.35553
3.54878
6.75635
3.15938
4.17297
4.56557
3.38835
4.1567
4.66912
4.09154
3.93462
3.64567
4.15841
5.31298
3.76364
3.85931
5.08836
2.98852
3.25273
3.36858
5.03108
3.38434
2.90217
4.88761
4.65514
3.28425
3.45484
4.92219
5.99826
3.35303
4.03909
2.64167
3.61217
5.14
4.71781
4.35631
2.94292
2.85329
2.4737
3.30425
4.09389
5.13382
4.90368
5.76133
3.51655
5.27087
5.81784
2.56888
2.51304
3.4538
3.47501
2.9486
2.95123
3.61873
2.39275
3.83171
3.1593
3.58477
3.52053
6.88259
4.21437
2.82291
5.01081
4.99466
3.46681
3.47544
3.26991
4.34106
4.47912
5.41775
5.06976
2.93797
4.0217
2.98361
3.07417
3.06142
3.92948
3.1492
3.64698
4.70807
4.72725
3.01069
3.97987
5.2823
5.1841
4.02509
3.72745
4.18511
2.22881
2.2953
6.46428
2.32226
4.08778
2.05067
4.53306
4.45786
3.72978
4.61619
5.6569
4.21681
2.8107
4.55616
4.28512
4.10138
4.0901
4.61312
6.33122
4.97705
4.37506
5.24997
2.02803
4.06712
5.65348
5.32517
2.42394
4.16479
4.36845
3.45037
4.61558
4.1462
4.65704
6.41479
3.95878
5.0468
4.10487
5.6214
3.83627
5.10763
4.47759
4.34445
5.73508
4.50248
1.80824
3.99004
4.38282
2.60191
4.01587
3.37984
2.75987
3.53723
3.79103
4.1394
3.42211
4.18113
4.64952
3.84075
2.46319
4.15658
5.68774
3.47348
3.5013
3.26559
4.6131
4.59944
3.94287
3.69539
4.60156
3.49769
4.49131
3.85165
5.21273
5.15333
5.40561
4.29399
5.12447
6.52193
5.83149
5.10241
6.06612
3.47129
3.68239
3.92453
4.13675
2.98931
4.39605
3.44206
2.94689
4.30205
4.03851
6.58081
4.70845
5.15716
2.64673
6.5266
3.05443
3.74829
3.55973
5.12737
2.01846
3.24505
3.53888
2.89962
3.89977
5.11081
4.68879
3.64337
3.12006
4.2712
3.31058
4.06983
4.13232
3.64434
5.43372
4.67799
3.91482
5.72303
3.65542
3.39894
3.06276
5.79686
4.82264
5.54492
3.50385
3.98528
3.26153
4.03489
3.72549
3.75314
3.006
6.63082
5.07995
4.42011
1.92203
3.26226
4.62879
5.62267
5.09293
4.49024
2.41015
3.58435
3.49966
4.01829
1.98501
2.92844
4.62961
4.29488
4.39806
3.70207
2.08148
4.87932
3.87303
4.77109
4.54744
3.54372
2.64796
5.26775
5.44546
4.93377
4.24178
2.53851
3.78074
3.78448
3.53463
4.72142
3.42605
4.4895
3.99194
4.17076
4.73185
4.68307
4.41688
1.65109
2.83558
4.2599
4.63654
2.84811
2.82304
4.48808
4.50282
1.4931
3.75661
4.02291
6.26156
2.52772
2.36918
3.31549
4.78997
3.08109
3.03954
2.61511
4.3934
3.20553
2.13624
4.48149
3.13526
4.46517
4.88028
5.95454
5.23631
3.87784
3.70267
3.39497
3.25955
3.81299
3.2101
4.79556
1.56323
4.50547
3.67198
4.31418
3.99343
3.33753
3.57409
5.77737
2.89973
4.6301
4.13169
3.96451
3.02192
4.16616
3.81137
3.56717
3.12042
2.4816
3.66851
4.2839
3.81884
3.99991
3.22169
2.92076
2.86225
5.55175
5.28864
4.44486
5.15074
3.85221
3.42737
2.55188
4.50622
4.97212
4.60801
4.08796
3.44968
5.15907
3.1595
4.78856
5.27584
3.70157
3.44978
3.54657
4.35474
4.96362
3.45347
3.3925
5.77739
3.89992
3.29864
3.72023
4.88035
3.55046
5.60545
4.55698
3.48399
4.48927
4.84078
4.6868
5.5926
2.16583
4.16617
3.60375
4.16207
3.37483
3.55334
3.31352
2.10619
3.76807
3.98731
3.63159
4.64968
4.19288
4.03419
3.89935
5.27725
3.97807
4.39089
3.8249
4.11403
2.93432
4.16812
2.21636
4.47177
4.17867
3.95559
4.85283
4.80245
1.37299
2.14096
5.44995
3.85959
4.80694
5.40488
4.25712
4.07731
2.80479
4.19177
1.2201
3.40131
4.54831
2.33519
3.99641
0.906016
5.15546
4.05785
4.14881
3.28087
2.78693
2.71223
3.33873
3.13402
2.41845
4.10964
2.40259
3.66423
4.72743
2.57887
5.23759
5.33782
4.22029
4.1176
3.16838
3.72835
1.10332
4.2627
4.84704
4.67089
5.3277
4.2821
3.27886
2.63929
4.5658
2.85658
2.88146
3.66128
3.00641
3.25597
3.91844
5.04447
3.54732
3.66515
3.23537
4.13548
4.02396
2.90281
3.28816
4.47827
4.37813
4.37332
3.89791
3.37537
3.2808
5.55329
3.56938
4.46663
3.06585
3.4856
4.86718
3.31039
4.04959
4.07886
6.33887
4.97672
2.2337
3.79523
2.41154
5.41068
4.35162
4.15696
3.43017
2.90747
1.33301
3.86449
3.91237
4.50756
3.82505
4.50219
3.34757
2.80975
5.12776
3.45279
2.08571
4.06059
3.83749
4.65223
4.97127
3.58592
4.7001
3.71843
4.09164
4.54167
5.34313
5.10775
3.96774
6.5659
4.48858
4.57522
3.39655
6.42522
4.31001
2.57387
3.98409
1.90581
3.21114
4.60898
5.42953
5.58974
4.05289
4.44005
4.00405
4.128
5.22708
3.95062
4.59012
3.23975
5.24585
5.05143
3.91227
4.10971
2.8322
5.18881
3.46217
4.28169
5.03056
4.74109
4.07074
3.1544
3.31222
3.11713
3.33146
3.35987
5.14325
3.84751
3.90286
4.37297
5.04688
5.85166
2.91518
4.30487
3.94532
6.23234
4.21644
3.60178
3.44464
3.6576
4.13507
4.2261
4.23452
3.37997
4.04317
4.24463
5.7413
4.291
2.7483
4.60767
3.34587
4.80378
3.23209
4.39937
5.16603
6.45518
3.66343
3.51659
4.56863
6.24023
3.07732
6.93094
4.83068
3.93372
4.16923
3.78402
3.89996
1.34426
3.74037
3.46531
5.26024
3.32738
3.94503
3.35191
3.54376
3.46781
2.53639
4.09551
4.2636
3.82747
5.33048
3.92226
5.2477
2.91448
5.29404
6.29951
3.90946
5.34029
3.22607
5.02374
4.23371
5.15475
4.24578
2.86477
4.14133
3.84095
2.5816
4.16196
4.92868
3.71404
3.69986
1.69242
3.27963
3.31678
3.39399
4.41816
5.77489
3.73934
3.89242
1.81065
3.98601
4.32769
2.44501
4.28498
5.05549
3.24957
5.98339
3.76811
4.40973
4.46743
4.4004
6.48899
4.93357
3.47672
5.50882
3.3203
4.21992
3.88683
3.58859
4.74868
4.71103
5.23582
4.92838
2.9563
2.70826
5.82105
2.54702
5.86294
3.90272
3.91596
3.9591
3.38864
4.61372
4.23734
4.74292
2.84415
3.22408
1.89038
3.81219
3.99658
4.01026
5.09186
4.49149
4.96189
4.53013
2.21276
2.4386
5.18828
2.94938
4.15783
3.80402
3.31601
6.1528
5.39237
2.4101
4.7749
3.61138
2.69182
1.45708
3.65936
3.37431
4.68896
5.04752
4.5238
5.15842
4.60224
2.10891
5.69482
3.71406
3.08926
3.75863
4.96421
4.90832
4.37627
5.81222
2.25699
3.20414
3.51742
0.175732
4.54768
6.93245
3.52644
3.05796
3.29435
5.33035
3.54301
3.47353
4.45067
2.56802
3.26623
3.2827
5.22155
4.25779
3.41414
3.15777
5.65304
3.64604
3.84164
4.84958
3.35091
2.17004
5.14715
3.91612
2.5305
4.54818
4.59592
4.02754
5.46691
6.14774
3.47024
3.18842
3.23809
4.325
4.20186
4.93336
3.70248
3.70647
4.49277
5.22608
4.13902
2.08271
4.0511
4.4908
3.60246
4.26598
3.05473
3.39064
2.13559
6.03421
2.71427
3.83496
3.20665
5.22728
2.19425
4.67939
4.50139
3.1257
3.87173
2.74593
4.78361
3.60433
3.73256
2.93709
6.01656
3.44091
3.97516
6.10709
5.29599
4.90844
3.53026
3.55263
3.30778
2.56298
3.11577
4.87127
3.13818
4.70177
3.62898
4.29824
4.48899
3.64072
3.69959
1.86886
3.3791
6.42371
3.84506
4.07265
2.79012
3.15904
4.93458
5.46032
3.16436
5.2203
2.84006
4.60659
5.24534
3.51265
4.43527
5.35762
5.6843
3.25888
3.27795
3.87616
3.86977
3.45652
5.14426
3.76591
5.0349
5.39495
2.22203
4.2988
1.47927
5.22233
3.53008
2.35295
4.98722
4.77134
2.95717
5.95536
1.61356
3.72788
4.98693
4.10543
4.41939
4.08168
2.6847
4.08236
4.08439
4.49753
2.53776
3.54364
5.11163
1.33768
5.40958
5.09921
4.14092
5.3977
4.71491
2.93915
3.22955
4.79912
4.45992
3.56522
3.14546
3.89671
3.14731
4.30097
5.11986
3.68138
4.30894
4.83581
6.06598
4.13251
5.00653
2.17243
3.86116
4.20984
4.02052
3.07292
3.18239
4.01268
3.413
3.12026
4.14026
3.0518
4.1758
2.95669
4.34653
5.7838
3.8575
6.31907
4.43793
3.89104
2.80806
3.08484
2.75591
2.51724
5.35523
3.21696
4.83548
5.6001
5.51621
2.36824
4.37085
3.9213
2.60276
5.19474
4.52974
3.78522
3.00297
3.71894
4.97316
1.30871
3.38138
4.24462
3.28196
5.0624
4.45458
2.55557
4.57501
2.33775
3.02988
2.45052
5.47129
4.65664
4.12837
2.30667
2.98995
4.13947
5.2202
3.66639
3.28397
4.56457
3.25874
3.98561
4.86046
5.06326
4.03519
3.41398
3.22855
5.77613
4.07982
3.38338
3.76012
2.80159
3.8019
3.2752
5.51335
4.97438
3.5477
4.84232
4.90315
4.7733
3.09578
5.38405
2.63186
4.33678
5.45628
3.85293
3.5382
4.10812
2.96775
3.05918
4.20389
5.64162
3.31179
2.27888
3.50375
2.93393
4.31059
2.55126
2.32815
3.39264
2.42655
4.266
2.40081
4.08732
4.75404
4.10097
4.30055
3.55928
2.03205
3.38729
4.67745
2.74934
5.01441
4.23624
3.89028
3.96943
3.86288
4.59088
5.23399
4.16053
2.96076
3.56963
4.3605
3.40978
3.24675
4.84201
4.62005
5.57279
3.76696
3.87715
2.02604
4.61079
5.14809
4.45492
4.20567
5.2119
3.43322
3.09282
5.73571
3.56561
3.94752
3.89826
6.30138
3.80134
3.81713
3.31852
4.29107
3.62644
5.01135
3.56825
3.69223
3.19142
4.63964
2.67709
2.63314
3.96935
4.77966
4.63647
4.68268
4.13255
3.17277
3.31898
3.9409
2.91126
5.11983
4.33902
3.55135
5.52976
4.30482
4.88327
4.8993
3.05446
3.96953
4.64361
4.01816
4.0685
3.9404
4.79457
3.68663
3.97281
4.98864
3.89091
4.57894
4.57361
4.50938
3.97518
5.47599
5.04894
5.0161
5.15642
4.99266
6.13318
3.4015
4.21215
3.52003
2.92598
4.28934
5.13869
3.34481
2.6374
3.77402
2.88291
3.48913
4.03316
5.65832
4.53502
3.41382
3.65834
5.34879
3.99294
3.91333
5.89829
3.47045
1.81918
3.37241
3.92804
1.88945
3.89117
5.12959
4.56048
4.15686
2.90847
4.11616
4.7041
4.94061
2.85914
3.49408
5.12811
2.75789
4.77105
5.91052
5.65575
3.50925
3.6989
3.97543
4.10884
3.46126
4.33217
1.82329
4.16718
1.36119
5.1515
4.00627
5.32344
4.77367
2.75298
2.77166
5.49306
3.42451
3.52144
3.00703
4.59118
4.08285
4.02839
3.98692
4.00701
4.76011
4.15052
4.55283
2.81485
2.78005
6.15885
3.27728
3.65321
4.74057
3.97403
5.47647
4.56498
2.04711
3.77538
2.20683
2.34928
4.41914
3.16242
3.55905
3.11038
3.49156
4.60497
3.17014
3.8163
3.44402
3.05952
3.17076
3.6157
2.05205
2.58156
6.1365
3.82417
5.8412
5.41003
3.9763
4.56265
4.53065
4.68662
3.40494
4.9293
1.99526
4.66737
3.32895
3.35165
4.72487
2.42427
1.36454
5.35611
4.81072
6.07562
2.21965
3.58086
4.98412
4.95258
3.82991
5.0609
1.88002
2.72793
6.21354
5.86333
4.66886
3.72024
3.57755
3.63451
4.06969
3.07844
6.00479
3.19244
5.57271
3.47024
5.66824
4.79271
3.31301
3.66572
4.88808
4.89185
3.67912
2.00477
2.72012
3.3729
2.94147
5.2155
4.72981
2.52862
1.87425
3.89102
5.15299
4.57165
3.05007
4.37776
3.56805
4.78477
3.93467
3.49997
5.77884
4.18396
3.59581
3.96018
1.94194
4.4637
4.84888
5.13298
4.56703
4.83157
4.12614
3.69802
4.20172
3.29093
4.86958
4.91214
5.16868
5.43511
2.01025
3.52016
3.716
3.9813
2.50451
4.51138
3.89596
4.03379
4.75714
3.01906
3.85867
3.12951
4.30976
3.44728
5.93808
3.81479
3.36249
3.70233
4.98196
5.19763
4.29355
4.19078
2.75307
5.82261
3.89263
3.61512
3.2595
5.92838
3.16409
3.60622
3.73255
4.76536
3.24253
5.10612
4.49897
4.67668
4.12298
5.07211
3.48878
5.21343
4.16409
4.43069
5.59724
3.94433
3.3837
4.60403
3.96783
1.6509
4.04676
1.5341
2.9947
3.18714
6.62394
2.40634
4.23994
4.15689
3.26513
3.83659
4.40916
3.68486
4.8824
4.91904
4.07848
4.06755
3.83654
5.15716
5.44916
4.58013
4.34096
5.27144
4.99643
2.89423
4.4686
2.22522
4.5876
2.1762
4.16027
4.03926
4.77118
5.9456
3.524
5.19873
4.76488
3.25916
3.27728
4.21608
3.81154
2.88668
2.64568
4.08975
3.52791
3.69665
3.02189
3.37768
4.70079
3.68459
3.61423
1.86194
2.62789
3.62846
3.00084
5.30951
4.12876
4.99255
3.48421
2.6823
4.83109
4.15297
3.0932
4.46865
4.07001
4.26509
4.17981
2.5514
7.38543
4.30926
2.83261
3.02133
5.13187
3.3086
4.9923
4.67481
2.27983
4.71161
2.81066
3.79969
3.90821
5.53859
4.45431
3.00642
3.38475
3.42117
3.18932
3.77226
5.61985
4.67609
3.36854
4.19427
4.18249
3.06531
4.74637
3.0013
0.996717
4.10643
5.38353
4.04032
3.08334
3.25571
5.50139
3.28585
4.33472
4.91581
5.23803
4.34692
3.5376
4.26957
3.73771
3.79969
2.68137
1.98639
4.67674
2.38423
3.09869
3.31262
4.20231
5.37213
2.01356
4.84174
3.4719
3.51568
4.72488
3.66397
3.56707
4.36505
3.12397
2.20967
4.30044
3.75846
5.86012
3.40982
4.12807
2.35171
5.23606
4.69133
3.47774
4.83273
3.50407
4.10522
3.92397
4.02201
4.02942
3.9556
7.10925
4.37962
2.4178
4.50609
4.74059
3.90322
4.204
5.16051
4.49688
3.45261
3.9042
4.19605
2.32658
4.57117
5.56297
2.30293
3.10464
4.59206
3.14555
2.92501
4.2174
4.08766
3.77348
3.73576
3.06595
3.39786
4.21053
4.68059
3.99734
4.65707
5.51116
4.32397
2.87153
4.92813
4.33753
4.86366
3.41322
4.31336
3.75371
3.51839
4.13205
2.64687
3.03397
3.96685
4.0724
3.78415
3.50276
4.70611
4.53587
4.31619
4.41939
4.71598
2.81372
4.82324
3.22859
4.44885
4.78124
3.88566
3.23633
3.77308
4.16617
3.71965
5.9523
3.75215
2.93078
3.3131
5.28397
4.48552
4.42724
3.39778
2.75891
4.06702
4.25359
3.05375
6.53281
1.30597
5.64551
4.34496
3.3023
4.06676
4.16693
4.60835
6.67445
4.8052
4.38734
3.6532
4.06938
3.88027
5.6719
5.12577
4.73579
3.71332
4.20287
5.0425
2.29126
3.95759
3.5789
3.36645
4.30712
2.99074
5.03703
4.44799
3.77553
3.60757
3.53713
3.21699
5.5277
5.55142
4.34672
5.54314
4.27107
4.24126
5.25457
5.76155
3.11604
5.37502
3.88602
3.17746
3.95311
3.31871
5.36343
2.45659
4.18706
4.28988
3.97031
4.14672
4.94681
4.0529
4.35282
4.90196
3.60332
3.31714
5.08463
4.65204
5.0386
2.34944
2.85372
3.6567
5.11286
5.20357
5.64833
4.39151
4.64443
3.48933
3.94129
3.00847
4.19938
4.24016
4.33158
3.8383
2.96646
4.37169
1.30324
3.61512
4.201
3.82773
2.91076
5.0626
3.58773
2.35297
3.73021
3.10741
3.74466
3.66654
3.1033
3.64748
5.00481
4.78062
3.73973
2.15542
3.80058
5.59784
3.9295
5.17499
3.11543
3.25444
4.72627
4.07891
4.95512
2.03494
4.20281
4.13381
4.82766
2.81784
5.24025
7.35848
3.39824
2.67109
4.04315
2.53863
3.6472
4.02381
3.18932
4.07696
3.69949
4.79179
4.98572
4.08285
2.6931
4.09473
3.96414
2.54665
4.21166
3.91543
5.45392
2.32686
3.67058
4.3459
1.44363
5.76238
5.55906
2.77036
4.85114
5.61135
2.98574
5.59451
3.54563
1.96331
5.06524
5.38019
1.73921
3.82924
3.01017
5.71185
3.06438
6.28166
1.54436
4.46027
4.30483
3.57087
4.95855
3.75842
3.66538
5.94674
3.62594
5.13534
3.83296
4.31127
5.49385
4.5255
5.7024
2.67191
5.62326
4.16608
3.5822
2.86624
4.66324
3.85894
4.05551
3.98124
4.11102
3.83907
4.08802
4.03508
2.51599
3.51993
3.51537
3.31411
5.06194
5.59804
4.87697
4.14398
5.52304
4.34455
4.4823
3.86614
4.40227
2.80854
2.87067
4.15371
5.55959
3.5199
4.32295
4.53103
4.47959
4.33743
4.3094
6.05576
3.56761
4.65387
3.35923
2.59674
6.01923
2.4037
3.88581
2.85567
3.66782
2.98184
3.58433
4.36043
2.80552
3.95676
3.48956
4.6512
3.33844
2.54944
3.00423
4.1585
4.74257
3.15814
3.12772
5.57736
4.19283
2.91129
4.59641
4.8816
4.12546
3.89769
5.45657
2.98009
3.3738
3.0198
4.37237
3.9346
3.07162
3.62225
3.54744
4.8485
4.90798
5.87009
3.72462
5.23866
3.34513
3.70289
2.78893
5.13459
3.33052
5.69779
4.73492
2.9469
5.25697
3.50935
3.38666
3.17059
4.58388
5.10788
3.99192
3.46056
2.83232
3.89202
5.47041
4.38016
5.15139
4.35342
3.70647
4.39681
4.83966
3.60393
3.92777
3.36446
3.83103
4.68129
4.47531
2.93363
4.30722
4.33299
4.32369
2.30192
4.58362
4.26484
4.01255
4.76559
2.4588
4.04439
2.8385
4.88591
4.39434
5.60353
5.51165
4.44193
5.24256
4.69168
2.43865
3.30705
4.43556
2.26946
4.88806
3.03039
5.01015
4.97997
4.22586
3.61
3.94181
4.21591
3.07526
4.51515
4.57428
3.85648
3.26381
4.485
4.72071
4.4278
2.28834
2.60372
5.49554
3.93074
5.25867
6.07816
5.76436
5.13985
4.53718
4.07048
4.5039
2.83794
4.00302
3.00874
3.05763
2.5401
3.05918
3.49034
4.02782
3.12127
3.60141
3.96425
5.20922
3.95665
5.35756
3.07501
4.70257
3.63084
5.35082
2.62255
3.0525
4.83962
2.98174
3.11948
4.46746
2.61442
4.31947
3.49159
3.21973
3.53474
4.10175
3.77321
3.56919
3.36145
3.07034
4.85592
3.41243
4.71194
3.45832
4.68433
3.71961
4.10225
3.6908
3.57073
5.83192
4.21825
4.1257
3.93299
4.59432
3.35159
3.6983
3.63106
2.6485
3.62621
2.12686
2.72887
5.08958
5.19259
4.28352
2.85277
4.70876
2.89027
5.05592
5.00572
4.68841
3.75994
3.54294
5.7713
3.77838
4.81227
4.56808
3.25717
5.47347
3.00225
3.32247
3.76976
3.58961
4.0832
4.4458
5.20403
4.51356
3.19831
4.97604
3.60647
3.63331
5.25862
4.76537
3.25125
5.03646
3.62398
4.52786
3.04865
5.16505
2.46023
4.45692
2.06757
3.41256
3.62969
4.23432
4.11267
3.50621
2.48762
3.81143
3.94685
5.89196
5.21595
3.54597
3.7468
4.80888
4.03003
3.11293
4.51625
4.62651
4.41682
4.23242
3.594
3.76489
3.32777
2.36044
3.4986
5.1698
3.77327
4.13539
4.41416
3.26951
4.12187
3.87395
5.53615
3.33905
3.39996
3.54226
3.36854
4.31031
1.29787
5.62444
2.89957
4.51182
2.7968
3.89153
2.8197
3.74266
3.45837
3.91511
4.05979
3.21345
4.8681
3.123
1.95746
4.49598
4.89389
4.2624
3.52484
4.74839
4.18994
4.60013
3.7315
5.00148
6.41758
3.78686
3.26912
3.63224
4.6977
4.23071
4.37327
3.3185
5.45839
5.62067
3.76634
3.10651
4.03833
4.06234
5.07762
4.35883
3.57771
3.90579
4.92243
5.13004
3.49993
4.69698
5.68392
5.21765
4.52228
3.99875
3.33862
3.23507
3.07112
3.51103
4.22815
4.74392
3.03243
4.25032
4.25375
5.82614
2.92587
3.99139
4.45212
3.48983
3.39762
4.17567
2.40312
4.5043
3.55514
3.90273
1.66947
3.26182
4.80514
4.10286
3.62145
3.72598
5.16751
3.69321
4.12064
4.26631
2.77629
3.78025
2.92377
5.8997
3.88635
5.78288
3.49154
4.09868
3.69823
3.71832
3.8304
3.90347
6.18369
3.21884
4.348
4.48497
3.65006
3.95116
3.71241
2.42891
4.81843
4.41614
4.27487
3.57828
4.00913
4.28839
2.8247
3.51159
2.60331
4.54015
4.36675
5.68167
3.7892
4.57898
4.62288
5.32087
5.1397
3.69735
4.1214
3.45901
3.3492
6.01352
2.99382
3.23389
4.05329
3.38399
5.09744
5.72678
2.58936
4.6417
1.8781
4.91791
5.0211
3.999
4.64004
5.1302
4.42281
3.09707
4.15676
3.67025
3.6131
2.83909
3.23705
4.49939
3.37745
4.03977
5.20664
4.12589
3.08817
4.47298
3.12163
3.66856
6.6647
4.06544
2.10203
5.0506
3.62946
3.55536
5.60538
6.02843
4.76738
3.92252
3.938
4.75198
4.45508
5.53928
4.57249
3.93505
4.46064
4.19026
2.80459
4.11712
2.39535
5.44771
3.8621
4.21726
3.74185
3.84767
5.07104
4.25377
5.96227
2.82192
3.91672
3.02021
2.18993
2.87893
2.23522
3.74944
4.94642
1.61334
2.02411
5.01752
3.28336
5.03742
3.94556
3.57562
2.67464
6.0415
4.04581
4.25334
3.44008
5.9656
4.7449
2.87047
3.12613
3.0792
2.7562
3.05057
4.26696
3.59029
3.34342
3.37685
4.57222
4.40215
4.57758
4.5313
5.08414
3.24195
5.133
3.34443
3.46758
2.96739
4.14485
5.42609
5.06426
2.4478
3.49395
4.08332
4.75006
3.37681
6.4995
4.85879
5.96181
5.39005
3.71239
3.71833
4.21255
3.15227
3.97166
5.88591
3.16617
4.12405
5.37985
2.99157
4.91836
1.84624
3.21995
1.812
2.13298
3.8207
4.84277
4.94722
4.75652
4.81354
5.02968
3.42407
2.59622
1.94492
5.3873
4.15291
3.49114
4.72678
2.61541
2.41299
3.96705
5.08871
2.97122
3.73438
1.71525
2.27601
3.75833
4.64688
4.74104
1.68875
3.74013
3.75385
2.86809
4.58366
5.86725
4.45164
2.98404
4.9602
4.19959
3.11909
3.31685
1.76184
2.72323
2.69131
3.40675
3.61071
3.79366
1.9053
3.60928
4.68082
2.69239
4.0502
5.22781
3.80386
3.96511
4.74854
3.93259
5.944
3.79966
5.77584
3.7367
3.63033
2.04436
3.74467
3.6814
4.03171
3.79217
3.33285
4.75329
5.89318
5.33505
4.09879
2.58333
3.66348
4.17831
3.42896
3.45261
3.88715
4.73014
5.10732
4.73099
5.15569
3.60899
3.26712
5.46885
3.22129
5.12686
3.44595
5.03891
2.49034
3.51682
4.76458
4.10677
3.68838
4.31764
2.13698
5.20646
2.08739
2.19841
4.00009
5.06339
4.63107
2.34503
3.59031
2.96857
4.54943
3.12576
5.37952
4.60995
4.22157
5.24007
4.22238
2.58266
3.72167
4.86015
4.14934
3.36464
4.31899
4.07863
3.08258
3.90374
4.06285
3.19288
2.83125
4.22963
4.81461
5.69628
6.58891
5.44248
3.50321
2.74221
3.04192
5.51821
4.5246
2.45032
3.6287
3.57068
4.42488
3.23893
4.15341
3.66861
3.2049
3.74894
3.03239
2.64008
4.34607
3.65105
3.68131
3.12642
3.44048
4.55112
3.85446
3.78456
0.482088
4.07637
5.1482
3.20636
5.00057
1.98791
4.58847
3.59817
5.28302
4.551
3.15715
3.99614
5.435
4.24889
4.5168
1.33847
4.68353
5.15549
7.54921
4.56875
2.11499
4.20239
6.88704
4.66695
3.7999
3.87928
2.69239
3.29502
3.93541
2.47822
4.3123
3.46666
3.83759
3.9562
5.8561
2.12109
3.75149
2.84027
5.0757
2.73133
4.13199
3.22148
5.34066
4.38419
5.75565
2.73202
3.36392
4.35072
4.3724
3.89274
3.77997
2.31608
5.45292
5.77033
3.28535
3.94015
3.50797
5.89538
5.21867
5.18734
4.42547
3.97024
4.29951
4.88158
5.05787
3.39397
4.1586
2.31184
4.02795
3.46214
3.88725
4.9084
2.96514
4.01857
5.27883
2.79808
3.57719
5.0693
3.38238
4.65022
3.71917
1.9957
3.2805
5.67369
5.24311
2.80496
4.17268
2.9053
4.14574
2.67431
3.58197
4.09382
4.09596
3.82708
2.76857
4.0479
3.44508
3.94347
4.93084
4.16967
6.90473
4.46644
3.77601
4.50356
3.05525
5.08804
3.85863
4.11167
3.71975
4.96456
4.80278
3.94507
5.44111
3.94877
4.24153
4.012
5.32514
4.13771
6.40967
2.12675
3.07854
5.09674
4.30574
3.3626
6.90043
3.43063
5.47527
4.25802
3.58151
3.97565
5.07263
2.93835
3.22013
3.001
2.84661
4.52658
5.74226
4.27605
4.40764
4.12773
5.01168
3.02744
4.0261
3.44072
3.1699
4.95254
3.83452
3.4089
3.48218
4.14744
5.46064
5.03639
2.93668
3.56296
5.02252
3.10425
4.32484
5.12333
4.50605
3.38963
3.39636
4.72547
2.19043
3.86185
4.83451
4.92539
2.92637
5.2328
2.39893
3.92672
2.69171
2.81053
4.26946
3.0807
3.48015
2.23322
3.00319
4.43979
3.76157
3.39698
4.61277
3.75189
1.89669
6.32905
3.1805
4.13215
3.72792
3.41936
2.52309
2.24645
3.95605
4.61785
4.07985
3.54774
1.89434
2.3828
2.53658
4.18189
4.30516
4.07225
4.55697
3.59341
6.43797
3.89327
5.82549
3.52737
2.99239
3.15332
4.82093
3.92417
4.48033
3.04388
3.70945
4.39641
2.26734
3.55916
4.88939
3.14428
3.89881
3.21978
4.46761
1.69328
4.25895
1.65268
3.30021
5.98148
3.87524
4.12328
3.64017
5.92711
5.08611
5.32382
3.72677
3.85541
6.19966
2.31368
3.94723
5.88991
3.1741
1.68518
4.92687
2.71637
3.45088
3.83471
2.39194
4.45684
4.1211
5.11367
5.28121
4.86916
3.98039
6.21588
4.32957
4.13494
3.68101
5.06358
2.71635
3.79649
4.11731
3.52303
5.59049
4.10618
3.48004
5.09303
2.09966
4.4637
4.35565
2.01628
2.21464
2.20276
3.55014
5.55326
2.71926
3.85691
2.08721
3.39703
1.82835
4.75613
1.90667
3.24245
3.38865
3.56481
4.15289
4.13686
5.56529
4.006
1.40792
4.97499
4.24835
4.25486
3.02103
3.18124
4.01137
4.10512
3.55485
4.7734
4.79542
4.93504
4.31794
5.24843
3.86026
5.01598
4.06052
3.55819
4.12117
3.11848
4.65358
3.25198
4.599
3.88321
3.21408
4.24089
3.41379
3.94579
2.99075
3.84683
4.22593
3.79445
5.15583
2.87388
3.30242
3.58792
4.53303
4.84458
3.27626
3.89478
3.33952
5.44995
2.16052
4.03461
2.80654
2.86571
4.54773
3.92557
3.10089
4.31616
1.44102
4.65078
3.96175
1.55496
3.07679
3.1722
4.55077
3.56664
3.05718
3.3057
3.52404
4.92905
3.16857
5.43727
3.40566
2.89239
4.11882
4.47988
4.99856
4.38789
3.73042
4.93413
3.7707
5.09534
3.75693
4.70539
5.46863
3.33159
3.88784
4.47085
5.41372
2.23796
6.53173
2.19276
5.42426
3.35076
3.15337
4.36472
4.58168
6.01315
5.54967
3.08939
4.10959
3.41726
3.44094
2.89548
2.42416
5.0864
3.43721
4.69063
4.29813
4.06748
4.37345
4.95014
3.43443
1.78626
2.70962
3.49709
4.83585
2.32731
5.5928
1.94725
4.41074
4.86903
3.70119
1.87989
3.03643
4.87905
3.98658
3.47482
3.92607
4.10804
3.5633
3.93318
3.51034
4.18498
5.2375
2.99303
4.50638
2.22826
2.62831
5.43617
2.42465
3.09773
4.16789
4.06566
5.45321
2.39026
3.4699
5.13463
4.21665
5.15723
3.04237
5.05668
4.69285
2.93078
3.94508
2.30419
3.33157
4.34287
4.64923
5.1519
3.38705
3.77443
5.51214
1.51476
4.32563
3.82351
5.32496
5.00669
4.05965
5.12084
3.5886
4.79619
3.48452
3.88336
4.41007
3.84668
3.8762
3.28688
4.7042
4.82081
4.29044
3.78106
5.15697
2.14624
4.4992
3.99518
2.84435
1.66626
4.02637
3.85409
3.15754
4.80106
3.25974
5.31732
4.70534
6.29153
4.10155
3.50597
3.36889
5.53822
3.57083
2.68702
5.2721
3.26192
3.81997
3.43596
3.74448
3.16648
5.02289
2.54418
4.28889
3.28573
5.04183
5.31163
4.76669
3.3535
4.86204
3.99223
4.89552
3.28226
3.11162
4.81611
2.28313
5.19602
3.93314
5.31056
4.67356
3.47827
4.48234
4.42147
4.77243
2.83792
3.3198
3.79108
2.58205
4.01591
3.55852
4.58383
4.8497
3.70345
4.69675
4.16493
2.93636
3.63996
4.41482
2.63707
3.84918
4.98049
2.83099
3.41335
3.21348
3.40281
3.21374
4.20039
3.90003
3.96062
2.28546
4.61846
5.07449
4.85197
4.65103
3.19279
4.64393
4.10745
4.02915
3.4034
3.87702
2.35671
2.26796
4.12519
3.62036
3.12799
1.68388
3.30156
4.19626
3.60139
3.31945
2.42953
5.45299
3.44363
2.93963
3.10585
4.85062
4.73821
5.08841
5.20702
4.00352
3.36763
3.29101
5.03055
4.13787
4.28399
4.26153
4.25016
2.56652
5.00793
4.32823
4.76197
3.5528
4.44971
4.57017
5.42903
4.33742
5.62552
4.99086
2.23983
3.6666
6.00553
2.3256
4.04592
3.83198
4.25243
3.38589
2.90219
4.17061
4.94821
3.19141
3.92353
2.56117
5.93772
3.01972
4.36533
5.47449
3.99156
4.74117
4.14016
3.0995
5.52488
3.3338
5.30492
2.88385
3.32395
5.21266
5.11924
4.26132
5.04158
2.0584
7.01626
4.28208
3.63036
3.65652
1.95443
4.42215
1.8615
3.33745
6.19404
4.79785
5.12725
4.20519
3.53514
4.63601
3.67604
3.06485
2.515
3.92233
4.32722
3.41402
4.90812
6.04917
4.10884
3.34139
3.72115
3.23163
5.26271
3.31342
3.70381
4.94222
4.38922
4.82922
2.98697
3.15006
4.10225
4.22706
4.54631
5.91924
5.19663
4.15239
5.44631
5.65251
4.65737
3.92607
3.21695
3.25717
3.00301
4.22607
3.56259
4.5878
2.32845
3.68128
4.56728
2.11762
3.73217
5.97766
3.1062
4.20497
1.74045
3.46927
3.65054
4.91175
4.9634
4.4549
4.76253
1.79627
3.94739
4.00927
3.11786
2.68693
4.10099
2.33003
4.12389
4.21604
4.79444
5.31674
1.86856
3.74542
5.7246
4.7683
3.73807
4.47901
3.4326
4.49952
3.41835
4.02387
4.87548
3.43802
4.49088
2.92038
3.59657
4.49363
4.55012
3.40045
4.50113
4.65187
4.34325
3.25229
1.64364
4.24749
3.28747
3.39454
2.4525
3.07223
4.1255
3.07751
4.23352
4.96452
5.54706
4.98051
3.9885
3.61087
3.92905
3.82091
2.76216
7.29169
4.41931
4.34574
3.85414
3.2625
3.05517
4.86377
4.37762
4.19261
3.42817
4.49695
3.2672
4.11565
3.6987
5.51131
4.24691
3.87159
4.79961
4.72372
4.72945
3.76624
5.21828
4.67877
1.35844
5.33087
4.85197
4.48586
4.61542
5.29262
2.1122
4.56203
2.02402
4.33685
3.80307
4.55585
3.36913
3.58427
3.41433
4.00762
3.18192
3.52485
5.35822
2.35848
5.22838
4.58662
4.02494
6.13593
3.39958
2.66741
4.42774
3.49765
4.57715
1.68614
1.99796
4.90505
2.97757
3.07228
3.92904
3.73057
3.73712
2.58082
2.14341
2.24043
4.42355
4.291
2.91975
4.45265
1.78059
5.52894
3.72921
3.66887
3.34044
5.25382
3.42114
5.6427
3.32414
2.80286
2.87164
5.49766
4.71205
2.85979
3.99116
5.14735
2.99358
4.01818
4.83892
3.63268
5.42656
4.81783
4.4331
3.70512
5.39241
2.45465
3.56409
3.01299
4.23225
4.70775
3.02354
5.29769
1.39624
5.73017
1.4069
2.58923
4.62001
3.1343
3.33989
5.18327
3.71631
4.73231
3.81753
3.57227
4.33257
4.5879
4.75906
2.72296
4.93492
4.47058
4.487
2.43511
4.13387
3.7819
4.07185
4.17013
4.45922
3.05962
5.0486
3.68671
2.55018
3.95519
3.61009
4.37404
4.55389
4.80622
3.29346
3.16693
3.53303
4.87252
4.18858
4.44163
4.01525
4.95405
6.25786
2.6313
2.94626
3.5009
2.63161
2.4942
1.92158
4.75411
5.08213
3.79582
2.54775
4.16253
4.39236
2.15391
4.39391
2.07005
5.23025
5.73659
4.78511
4.24314
4.00783
3.77626
4.5594
3.39204
4.69128
3.93914
4.38844
5.11263
1.88817
5.1753
5.91698
4.6985
4.34863
3.69818
6.61946
3.62739
5.37094
5.23708
4.57648
3.93991
3.77073
4.3393
5.20263
3.09644
4.88894
4.83146
4.92425
2.43961
4.99621
3.61003
4.81338
4.02459
3.83189
3.85214
3.73918
5.74764
4.16244
3.22084
4.0143
5.10307
6.05496
2.835
1.95961
3.08688
4.38473
3.63639
2.09213
4.91775
5.60648
4.07982
3.69748
4.34738
3.88108
2.9728
5.43827
3.24726
5.05306
4.24317
4.66267
5.20727
3.24172
4.25706
2.85443
3.90982
3.34312
4.51554
4.04878
4.75346
3.53247
4.90286
3.271
3.96298
3.66848
5.23138
3.07097
2.90805
6.2138
3.11227
1.9731
3.83794
4.12731
5.47501
6.68403
4.7546
2.73548
4.60346
3.29872
4.23779
2.59696
2.15244
3.21271
3.67702
5.6712
3.15549
3.17886
4.60722
5.20532
5.43182
3.97842
4.45219
4.46069
2.64638
3.34083
4.0129
4.26317
2.91969
2.76195
2.69411
2.24051
3.21332
5.00228
3.17242
5.0029
2.9539
2.07129
4.32449
3.94786
3.46621
5.20822
5.70821
4.00426
4.95714
3.66292
4.14304
4.56598
4.76385
2.46777
4.86552
4.65139
4.13035
3.1984
4.25694
3.28484
4.47274
3.41621
4.96654
4.37087
4.45777
4.15296
3.58188
3.549
4.47776
4.35489
3.40983
5.29268
2.88557
2.31814
3.76986
4.01718
5.29909
4.44613
2.61004
4.70768
4.86607
3.01806
5.63912
2.77005
4.4117
3.22392
3.77206
2.7658
3.69892
3.64672
3.78801
4.59025
3.23287
3.28811
3.32597
4.07949
4.28003
5.31233
4.06385
4.74693
3.17156
3.04257
5.12509
4.63717
3.58626
3.10658
4.37841
3.86307
4.75812
4.84831
1.35413
2.97817
2.88435
4.23939
2.77156
4.33923
2.91321
4.58279
5.11915
3.7505
4.37747
4.56277
4.33325
2.30698
2.04243
5.31196
4.3575
3.99082
6.09633
3.2046
4.04375
3.76628
5.82967
4.87763
4.08661
4.28956
4.95817
4.26089
4.09093
3.87025
2.68384
4.56966
4.14318
2.18684
3.19841
5.39758
4.1357
4.0067
2.2438
3.99993
6.08681
3.82667
4.46899
4.01736
3.64379
5.1391
5.54645
4.3788
3.51389
2.67828
4.53981
5.46884
2.979
3.07876
3.9869
4.76209
4.66182
2.48242
