1.29271
3.05209
0.847344
-0.446343
0.397091
0.915321
1.34835
-0.344643
0.0923369
1.14971
-0.226355
3.05224
2.11525
0.0870703
1.2305
-1.01682
0.808188
1.1847
2.16298
1.34977
0.367677
0.853
1.8834
0.550367
0.636155
-1.28134
1.66669
2.40219
0.491746
0.568541
0.984295
1.35998
2.58596
1.33085
2.01699
-0.348375
1.73492
0.827525
0.106176
0.57267
-1.4685
0.332777
0.754626
2.51087
-0.150771
0.802473
0.953933
1.77932
-0.381345
3.49165
1.18601
0.392542
0.256837
0.488611
-0.34828
1.22363
0.319208
1.14297
2.5838
0.639333
0.0247993
-0.268465
-0.671048
-0.0278299
2.23776
0.709592
1.5809
2.25809
1.73681
1.16819
2.4717
1.81308
2.52576
-0.264558
-0.982943
1.2818
2.05929
1.99194
-0.0029372
1.6413
0.697835
0.203363
0.709228
1.5682
0.0986192
1.94379
2.73491
0.310222
-0.602883
3.15532
1.21119
3.5488
0.473592
-0.284622
0.133822
-0.219204
1.86924
1.87209
1.32594
3.16513
-0.456114
1.34277
2.29624
0.717534
3.12422
1.34644
0.803532
-0.540324
0.532469
1.35684
0.627773
-1.93272
1.9627
3.13482
1.77111
0.794052
1.73305
0.633331
0.932056
1.49257
2.06117
0.750958
0.46612
-0.0598854
0.485804
2.94461
0.890922
1.03279
1.19607
2.7963
0.107997
0.7939
1.89624
-0.43439
2.28257
0.304027
2.69895
-1.53908
0.940059
1.93176
2.29812
0.185168
0.403188
1.65884
-0.153785
0.196766
0.45461
2.77798
1.9926
1.69848
0.491179
2.08832
-1.02432
2.63555
0.599452
1.9668
0.398225
0.519104
2.25686
-0.38544
0.904575
1.07056
0.12093
-0.735102
-0.283084
0.81318
2.68064
2.03239
2.91547
2.39302
0.81709
0.794598
1.26372
1.79343
-0.583222
1.30809
1.98282
0.898202
0.863459
-0.697857
1.00185
0.808862
1.86884
1.26423
1.08242
1.09315
1.22489
0.353599
2.40179
-0.0188844
1.0691
-0.334207
1.754
0.104064
1.29861
1.53666
1.60161
1.87419
2.29253
2.38478
2.53467
0.405044
0.81609
2.44207
0.852228
0.584969
2.4509
2.97265
0.457305
1.21232
2.10656
2.42525
-0.131687
0.937404
1.95268
1.9715
2.9871
1.78429
1.12801
2.75068
0.0143048
0.37414
-0.646231
1.84415
1.08522
2.26449
-0.36711
-0.534997
1.03137
1.40269
0.69331
1.38021
1.29957
1.20369
1.71776
-0.615573
-0.0556543
1.88284
-0.112526
2.72531
-0.658578
2.23063
-1.50827
-0.614904
1.0452
2.54942
1.34037
0.715853
1.27352
1.6941
-0.403855
-0.314107
3.90729
0.368728
2.29934
0.525488
0.313035
0.772208
1.77089
1.28498
3.27719
0.706342
1.56089
1.83576
0.637498
4.7391
2.39928
2.16925
-0.635755
1.59996
1.71371
-0.160851
1.39939
1.42744
1.44601
1.38435
0.333988
2.6735
0.0981125
0.251048
-0.477261
1.53232
0.502406
1.62715
1.18806
1.47833
-1.25127
0.291006
2.03949
2.30136
2.40271
2.50413
0.401234
0.762373
0.134505
1.6791
0.188185
2.5301
0.613636
1.69455
1.22396
-0.349436
2.26205
1.07684
-2.62457
2.66556
-0.209077
0.883301
-0.422004
-0.23052
0.993441
0.440124
1.52412
0.796518
1.86262
-0.278805
0.642294
0.538195
0.0832744
-0.0227539
0.907777
1.80579
0.792862
0.799715
-0.0531077
-1.37853
1.34546
0.529528
-1.16409
3.15742
-0.885589
0.586687
1.93028
2.95737
2.52826
1.24452
1.38925
3.02696
-0.545405
0.334923
2.92696
-0.142754
0.155608
1.86055
2.91685
0.549704
-0.000895782
0.8757
0.689584
1.01739
0.507494
0.623755
1.02916
-0.250971
1.48411
-0.780291
-0.729415
0.677647
1.04714
0.503406
1.20509
-0.742821
-1.79532
-0.476611
1.51528
1.15202
0.627527
0.0122309
2.10848
0.981079
1.03168
2.14028
0.713467
1.47579
-1.56246
1.34869
2.13601
0.239846
0.352616
0.995592
1.54242
0.242432
0.795767
0.426461
0.368912
2.62811
1.48175
-0.0284757
1.4783
-0.711772
1.41723
0.719267
3.10432
2.26389
1.83974
0.581854
1.01205
2.35313
1.73746
-0.189229
1.00572
-0.477474
0.0784647
1.39101
-0.549279
-0.237978
0.732364
1.70276
1.10422
1.53342
1.08146
2.33307
2.79216
0.827758
1.75244
2.60807
1.27359
0.766073
2.06891
0.959959
0.0796556
0.665327
1.22849
1.73812
0.670067
0.126736
0.942018
1.07075
-0.57746
1.99082
1.69372
1.30774
3.09594
1.09915
-0.197029
1.81054
0.94653
1.21054
2.67833
-0.0778916
0.452586
-2.18468
1.51018
1.03928
1.69472
0.72406
1.33542
1.47593
2.48228
0.297128
2.3846
1.73663
-0.762985
0.198583
-0.343361
1.1857
-0.177143
1.92264
1.09135
1.97897
0.599701
-1.28704
0.756684
2.60217
-0.369863
0.760343
2.99987
1.38964
0.951266
1.70185
1.03722
2.2522
2.39614
-0.668331
-0.0667629
0.0787552
0.636934
1.50887
2.96459
0.0252164
1.67757
-0.170662
-0.188201
1.27719
1.72556
0.518336
1.79137
0.0460652
-0.28194
0.771334
3.38239
1.40586
0.877812
-0.51586
2.61042
1.97949
0.844053
3.2287
-0.306097
1.9718
0.907097
0.0290753
1.95645
1.33565
0.961937
2.86575
-0.599352
0.316407
0.192676
1.27644
1.28341
2.65898
0.603928
0.970872
2.48451
0.256588
0.116557
1.94093
2.63233
0.255499
2.65357
0.318146
0.997862
1.51164
-0.680061
1.0017
0.6017
1.81369
-0.226247
1.51447
0.76517
-0.106015
1.27874
1.9423
0.274628
2.02874
1.43746
2.42591
-0.756743
0.515227
0.86028
1.85888
0.827555
-0.282357
-0.344343
0.0256434
1.70555
1.58036
1.5451
1.90541
1.32411
1.39939
0.373955
0.56418
2.09179
-0.251352
1.44291
2.71948
1.18856
-0.70471
-1.1365
2.27664
1.19574
2.73659
1.35309
0.091458
0.550368
1.94336
2.5436
1.98789
3.37582
-1.41521
3.61429
1.12623
-0.467245
1.24371
1.51827
1.57959
0.663719
0.969457
3.19911
1.67194
2.29001
1.64751
-0.584508
0.572789
0.279973
0.803658
0.655293
0.427959
0.387299
1.04144
0.210546
1.45993
1.93441
-0.0756095
2.36734
3.36944
0.835353
0.705636
0.770523
1.06682
-0.574708
1.80308
1.3109
-0.853173
1.12761
1.12139
2.64914
0.567491
0.40874
-0.0198847
0.295167
1.71765
1.88237
0.275712
2.82792
0.929045
1.33069
2.76036
2.2222
1.39305
0.852555
0.892162
1.19925
-1.9164
0.465227
2.26514
-0.194903
1.79367
0.832874
0.0203838
1.03891
1.70641
2.67767
0.298739
1.32174
1.06169
1.18824
1.28202
0.769214
1.79132
1.56087
2.36431
0.445357
0.869189
-0.613079
0.424591
1.41857
2.72058
1.68753
0.430987
0.835567
1.27984
-0.175498
1.66623
1.91981
-0.151412
0.850059
2.26333
0.787382
-0.00515379
1.33276
0.0372446
1.70613
-0.0267134
1.00326
1.18661
0.933659
0.259197
0.896905
0.277134
2.54286
0.565758
1.2583
0.659477
1.32275
0.611705
0.942436
0.796737
2.23434
2.04869
1.14863
-0.121295
1.62437
1.14634
2.06232
2.29244
-1.24269
1.01305
1.24936
1.34654
1.8002
0.278598
-0.00351748
1.07655
-0.493521
0.778941
1.6724
0.775337
2.3636
1.60845
1.38758
0.218498
-0.056797
1.25825
1.05609
1.22387
1.01656
-0.668116
1.07598
0.439875
-0.0444455
2.83246
0.899095
1.39597
1.30611
1.02224
1.21517
0.58448
2.04947
1.00309
1.30431
1.18368
0.977981
0.500992
1.01852
1.37714
0.412616
-0.738261
0.93505
-1.01188
1.31182
2.23365
1.19368
0.148557
0.0509501
0.450076
1.35356
1.46413
0.829493
1.4382
-0.823092
0.0454725
1.50847
2.5838
0.902266
-1.20671
2.60514
1.38584
2.29652
1.95936
0.371848
2.66332
1.72422
2.04455
1.09137
-0.290175
2.05492
0.956649
0.3246
1.47626
0.762346
1.83582
0.16515
0.85894
-0.347297
0.850002
-0.0866078
1.94092
2.12848
-0.151765
1.3528
0.111362
2.1441
1.78511
2.76006
1.62294
1.61448
0.364336
-0.61198
0.188818
-0.191422
1.13265
2.45139
-0.262833
2.05921
0.0145499
0.904455
0.378131
1.73287
-1.12051
-1.09906
0.87881
-0.0468673
0.544113
2.35338
1.16767
-0.0605757
-0.68173
3.23176
-0.037483
-0.88524
1.6063
1.68411
0.922807
0.838058
0.0962169
1.72712
0.39213
1.77456
2.81045
1.08838
2.50658
0.872135
0.0397329
0.0245308
0.578378
0.89055
0.674297
0.49494
0.629361
0.270701
1.44369
1.12993
0.822856
1.5599
-0.742608
0.0538319
0.928547
2.69283
1.76513
-0.547445
0.934002
-0.749533
1.3568
0.312957
1.56354
1.11257
0.798819
3.25412
1.11614
1.9853
0.225592
0.217929
0.458715
2.38876
1.4541
0.157731
0.28678
-0.33846
2.02921
1.81053
2.37634
2.02767
1.24351
0.514796
0.362185
0.948018
1.167
0.448901
0.575261
0.244296
1.10197
0.839605
-1.0137
2.13988
1.25605
2.6493
2.824
0.177501
2.85512
1.14093
0.0220602
2.95164
0.468155
0.220479
0.42735
1.67429
0.568713
1.34249
1.04457
2.39887
1.29234
0.424727
1.9216
0.789539
-0.152362
0.95418
1.47254
1.71956
0.527248
0.0498328
1.99324
2.93055
0.379521
-0.491274
-0.202298
1.7361
1.19106
2.31188
0.28433
1.00251
1.38303
3.52955
1.6712
1.63287
-0.397592
1.98776
3.74265
0.0816431
1.50825
1.67338
-0.130204
1.35957
2.1943
0.563268
-2.07666
2.06774
1.96128
2.14849
1.39331
2.57948
0.469683
0.358214
0.984319
1.07571
0.992849
0.679674
2.01365
0.525283
-0.594914
0.800976
0.988818
0.663175
0.795429
0.216338
-0.295621
2.65152
1.43228
0.69682
1.66322
0.180317
2.4
1.7392
1.11902
0.76267
1.88647
1.29978
1.23231
-0.81932
0.619585
-2.26267
1.47307
2.33483
-0.0461711
1.08089
1.2236
0.942443
-1.19502
0.207223
1.12525
0.522218
0.0531469
1.48086
0.723392
-0.575333
1.29883
-0.721551
0.537202
0.194982
-0.6143
0.421759
1.42466
0.625109
0.597386
0.644651
0.185975
-0.604612
1.05759
1.74605
-0.610736
1.71205
1.33791
1.07963
0.377745
-0.547475
-0.054482
1.34205
0.639058
0.932455
1.95102
0.432227
0.336969
1.3192
1.58061
0.761116
1.20264
-1.30797
3.47684
1.80829
2.49531
0.10498
0.886521
0.566141
2.61679
0.748595
-0.609981
1.02553
0.978471
0.730029
-0.3592
0.555326
1.11992
0.205162
0.294241
0.740397
3.0664
-0.501948
2.61233
-0.89537
1.28771
1.34607
1.9891
-0.128027
-0.505951
0.525085
-0.54921
-0.531052
1.89697
0.59808
2.1829
1.73114
0.307743
0.0428178
0.398434
2.12773
0.624882
-0.499848
-0.712453
1.00317
0.463949
2.25325
1.73884
0.87489
0.799004
-0.325786
1.67947
0.719122
0.686008
0.616575
0.969243
1.08355
1.20181
2.47196
1.14217
1.54759
1.23282
0.769771
2.83483
-1.22791
3.05065
1.95696
1.85145
1.83858
0.478872
1.33118
-0.155587
1.6663
-0.183132
-0.654444
0.728822
-0.728679
2.37276
-0.0819754
-1.46755
1.19001
0.54647
1.21449
0.0464623
1.13626
1.50542
0.84752
0.176142
1.9632
0.347305
-0.651777
1.74152
1.30794
0.614545
1.83001
1.97021
1.65368
1.6785
0.0383549
0.893706
0.619237
-0.212777
1.14747
-1.01608
0.481782
0.71628
1.2658
1.20769
1.29676
2.50883
-0.179406
1.27086
0.61476
0.797659
1.67001
-0.746651
0.661313
-0.535781
0.649858
-0.419618
1.42117
1.33255
0.379557
2.626
2.41426
1.00984
-0.163856
2.38963
2.50598
1.08856
0.705613
1.0531
2.39132
0.886825
-0.540303
1.7159
-0.367509
0.0161099
1.602
-0.479306
3.91015
-0.518811
1.1983
0.793653
1.30383
0.552268
2.85732
1.38692
-0.315481
0.634785
-0.0146927
0.854395
1.30078
2.43865
1.97097
1.13413
0.134087
-0.342588
1.07512
1.83754
3.37024
1.71706
1.60377
-0.187899
0.48401
1.6456
-0.848523
0.460968
-0.93613
1.3022
0.951589
1.55425
0.515428
0.822769
0.676801
2.18167
0.741315
0.828154
2.05622
0.415921
-0.511472
0.815104
1.85237
-1.04261
2.01618
2.75026
1.22398
0.743842
-0.291787
-0.784883
0.931995
0.343089
0.233298
0.699044
0.625117
0.892253
1.6297
-0.0454551
1.17821
0.0632868
-0.0134683
1.47149
2.29211
0.72233
1.72546
0.523764
1.7328
-0.0269288
1.74999
2.15913
0.661681
1.14344
0.886734
-0.469804
1.76903
-1.24737
1.47965
2.50553
-0.259064
2.58101
0.807911
1.27798
0.548124
0.264923
1.03816
-1.43173
0.229063
-0.186647
-0.0553411
1.52729
0.444633
-0.348462
0.697364
2.27331
1.45785
0.761302
1.95315
1.967
1.3626
0.964885
1.12589
-0.887347
0.296895
1.83245
2.33937
1.48036
1.7021
0.607739
0.534264
1.71194
1.33416
0.59485
1.41459
1.1764
2.11022
1.72676
-0.329955
0.843052
1.18007
-0.367294
0.688827
-0.0714879
1.85604
0.62025
1.52564
0.251034
0.20781
2.60303
1.6601
1.19989
0.36854
1.8793
-1.29628
0.0801406
2.20806
1.03445
0.219386
1.1039
2.90866
1.04737
1.17253
-0.56928
2.05588
-0.633586
0.32533
1.62608
0.465505
-0.541008
1.00851
-0.487765
-0.586964
0.691571
0.716853
1.36953
0.532449
1.11598
1.43114
0.288421
3.2068
0.0171793
1.0309
1.59263
0.197822
1.41181
2.80374
1.90489
-0.576069
2.47578
0.437258
-0.302831
1.26467
0.639293
0.918305
1.32395
1.30251
0.195926
0.323799
0.15521
-0.0208234
0.851232
1.92124
-1.49387
3.02825
1.04294
1.65354
2.04403
1.98111
0.720725
1.66098
1.02031
0.320614
0.422425
0.282599
1.20674
0.520274
2.32594
1.6261
1.2786
-0.273359
0.485538
2.72375
1.13968
1.51841
1.86245
3.00266
-0.0242088
1.01104
2.51876
0.75464
2.75729
-1.03285
-0.566716
1.59865
0.511488
0.221017
0.827981
0.584746
1.00547
0.402625
-0.588232
-1.0302
2.10768
1.36721
2.01673
1.13656
1.2289
2.54574
1.04548
1.72681
0.306298
0.581909
2.33384
1.84963
0.326117
0.561624
2.03165
1.63039
1.03868
1.86163
2.0664
0.107964
0.91532
-0.728646
0.505384
-0.271378
2.27037
-0.355069
1.17257
0.623672
2.17631
0.877325
1.4581
-0.469885
1.76379
-0.170843
-0.0698011
3.38477
1.13598
-0.113753
-0.684888
1.4922
-1.0203
3.846
-1.13904
0.989489
3.11953
0.358945
1.28574
0.55643
0.651073
-0.548841
0.789082
1.21216
1.75292
2.03901
1.77801
0.747376
1.46677
1.26718
2.15672
0.626752
1.33297
1.75407
-1.15411
0.980213
-0.232143
1.0797
0.0141828
1.51991
0.995714
0.0989511
1.45485
1.7483
0.556198
-0.0921473
1.33521
2.83289
2.1416
2.29759
1.5413
1.03929
0.888406
0.849996
-0.305018
1.29261
0.402837
1.14793
1.30265
1.09066
2.42515
4.14384
0.781192
1.50726
1.49789
2.11798
0.997073
1.52878
2.29591
-0.0233282
0.250248
1.38228
1.18303
0.193134
0.554828
-0.589642
1.02406
2.64642
1.49218
1.14549
-0.574243
1.48785
3.53717
1.23055
1.51845
1.39267
-0.519385
0.927796
0.556786
0.274326
1.58087
1.78744
1.17024
3.05776
1.50728
1.02612
0.0581357
2.29524
0.447087
-0.375368
0.125866
1.37111
0.790659
0.136508
-0.915136
1.36618
1.31255
1.47773
2.04487
1.9716
1.59232
1.28437
0.786735
1.13283
0.32307
1.1834
-0.12159
-0.36988
1.91781
0.884336
1.93095
0.456039
-0.89774
1.09522
-1.18659
0.68031
1.40705
1.07926
1.77059
0.665194
2.22094
0.166389
0.049116
0.025198
-0.396738
1.13304
2.75803
0.65237
0.465018
2.0274
1.55155
2.4386
1.24727
2.75841
-1.3136
-0.242664
1.31538
1.32822
2.04036
0.472631
1.75857
1.85327
0.927756
0.931584
1.84029
-0.114236
1.06929
0.892347
1.42894
1.93451
1.70395
0.74089
0.974001
0.958836
0.214605
2.24493
1.29021
1.34953
0.569698
1.38643
0.999179
2.68823
0.0290249
1.04452
0.507965
1.99609
1.85384
0.397541
2.00131
1.97169
0.794409
0.175315
-0.776088
2.39197
1.21347
0.669653
1.18027
0.797201
0.398452
0.0141621
2.83759
2.01727
1.92072
-0.59846
1.02011
1.23288
1.7704
1.86081
0.209846
-0.162718
3.16855
1.44532
1.10738
-0.905798
2.14407
2.33775
1.02365
1.32881
0.369861
0.969774
0.252967
0.69547
1.08154
0.0665494
0.693324
1.31644
-1.68269
3.23087
0.869022
0.690268
-0.47445
2.03802
0.523922
1.93035
-0.632464
0.338284
-0.162009
1.33102
0.71638
2.45951
0.825549
0.545719
0.794484
2.88311
1.57887
2.24899
0.971349
1.85422
0.0176485
1.19954
2.6249
0.158036
-0.343963
1.90239
1.97381
-0.105283
-0.147447
1.44915
0.814229
0.432564
0.792499
0.308685
1.81469
1.27869
2.38966
0.873281
0.535757
0.807966
0.195188
0.143703
0.547074
2.0445
0.51369
0.305943
0.685137
1.14241
1.63997
1.45133
1.68582
-1.63925
1.83153
-0.00383968
1.09489
-0.330004
0.368464
2.87288
2.3921
3.23388
2.077
0.1901
0.299844
0.970015
1.06294
1.04429
1.36773
1.31266
3.55738
1.12176
0.924215
0.541657
-0.617434
-1.23563
0.665837
0.425618
1.81729
0.783584
-0.345858
1.74765
1.00596
-0.267402
1.57156
1.37678
0.349281
0.410226
-0.498987
0.689319
1.27136
2.52492
1.40357
1.67042
1.95712
0.712456
0.972116
1.90324
2.16298
0.376751
1.47815
0.872711
-0.508001
1.51044
1.17066
0.448051
1.41897
0.456807
1.69054
2.35934
3.47707
0.428624
0.00461741
1.58324
1.66106
0.688552
-0.436467
0.904789
2.3819
0.670675
0.917165
0.192948
1.1759
-0.0929628
1.46617
1.27946
0.723091
0.474065
0.548593
1.56051
1.46829
0.467608
0.684502
0.00316778
0.0238009
1.2004
2.13966
1.42637
0.637377
-0.473467
0.254699
-0.00517496
0.283731
0.175957
1.24016
0.0458635
0.570643
1.20835
-0.0466715
0.477149
0.0896393
2.43772
1.73133
2.13824
1.21683
-0.0548259
1.79491
0.10288
2.73564
-1.49238
1.46175
2.56614
0.226323
-0.392014
0.66607
1.11077
2.66199
0.958969
0.516458
1.6199
0.0184026
1.62811
3.39547
0.285632
0.364971
1.03361
1.19737
0.292459
1.53036
0.803522
1.5945
0.201912
-0.465292
0.87759
0.36003
1.5347
1.82273
1.84533
0.858787
1.07178
0.73983
1.21071
0.391499
1.05999
0.404127
-0.463262
1.16458
1.49739
0.658315
0.369121
0.577616
2.086
0.484607
1.3027
0.443754
0.423198
1.63632
0.342007
0.757164
2.10895
1.44935
1.07099
1.2959
1.0198
-0.0298806
1.25719
1.91131
0.924094
0.571787
2.88174
0.666744
-0.465678
0.505967
0.85064
1.90208
0.275757
0.075312
-0.225302
0.214907
2.67973
1.25328
0.453372
1.8266
0.56634
0.0550579
0.639683
1.2658
1.25674
0.62682
0.584463
1.95055
1.27437
1.26124
0.0531287
0.727735
-0.559681
2.14913
-1.23246
2.55868
1.87243
-0.0756777
-1.53589
0.673519
0.298492
-2.80848
0.840617
0.756291
2.0573
2.32024
0.788054
-1.38493
1.02439
0.767544
0.636822
1.7264
-1.13496
0.735124
1.71611
1.6898
0.612534
0.744446
0.932179
2.12619
0.219436
1.13469
0.883906
1.75931
0.455905
1.02198
1.14865
1.64286
-0.208521
0.501902
1.30852
1.37876
1.02166
0.0394202
1.5673
-0.685143
2.53999
1.35413
0.389257
1.45893
-0.611207
0.919339
0.825909
1.84771
1.45778
0.90838
-0.296327
2.05615
0.734232
1.53572
1.24603
2.04483
2.40887
2.54055
0.292817
0.995406
1.20823
0.393179
1.13992
-0.349644
-0.479742
-0.579863
1.46043
2.34191
2.16754
0.49111
-0.56797
1.97407
1.55591
0.855975
1.73175
0.224473
2.4762
2.93677
-0.917986
-0.191954
0.35851
1.551
0.381576
1.69202
2.80771
-0.423662
0.2927
1.01159
0.970621
0.861693
1.06033
-0.358456
1.08155
0.155712
1.04929
-0.135484
0.0594943
0.198108
1.74229
0.665473
-0.547279
3.56354
0.362258
-0.898855
0.133199
1.0359
1.89028
0.945511
0.251736
3.43232
1.88225
0.50675
1.32304
2.40479
-0.339128
0.971115
1.48984
3.44577
1.50884
0.061816
0.896709
-0.427091
1.40924
-0.319116
2.83243
1.29805
2.63704
1.3983
0.410334
2.14804
1.3712
3.14179
1.15971
1.04893
0.190887
2.0188
0.90322
0.499362
2.2251
1.13619
2.86528
2.48179
2.73464
2.08237
0.0669733
1.89006
1.26218
0.326497
-0.99794
0.316879
2.16424
1.87365
1.23928
2.06361
0.711808
1.08177
1.09579
1.28787
0.479831
0.919075
1.28246
-0.0350785
0.705414
1.35166
2.01339
0.237317
0.0142434
1.00042
0.230721
-1.35248
1.29294
3.46857
2.32695
2.37065
0.909845
0.756742
1.22567
0.744276
0.933592
0.347257
1.89284
2.16652
1.51713
1.62001
1.41227
0.672585
2.28609
2.13229
0.298325
-0.584226
3.2759
0.574428
0.949808
1.88203
0.817799
0.403304
0.287261
1.01393
0.856733
2.9277
0.475556
1.9993
-0.298101
0.226881
-0.138417
0.243646
2.23309
-0.325648
2.03681
0.522763
0.974667
1.23658
0.986965
0.324399
1.07207
2.34299
1.11047
1.72531
0.911575
1.51015
-1.20133
0.160347
0.0838692
0.995716
1.0493
-0.204444
2.26937
0.130118
2.99443
0.296625
-0.0513035
2.92697
0.537848
1.70945
-0.0971822
0.868564
0.353266
2.09507
0.532673
0.119764
0.623797
-2.39437
0.998445
1.21516
0.593424
1.70104
1.19361
-0.225095
1.5437
1.91741
1.45166
1.09608
0.528758
0.890116
0.889815
0.725488
0.391838
-0.208623
1.15255
0.536016
1.78526
1.10471
0.651238
-0.180686
0.706112
-0.376967
-0.093556
-0.282841
2.73873
2.50406
1.08759
-0.569614
1.21089
-0.296388
-1.43188
-0.54057
1.05618
0.64097
1.6706
1.0927
1.14636
1.40759
0.115604
-0.397483
1.57155
2.54884
1.50454
1.84628
1.93375
1.30049
2.21365
0.492865
1.1559
0.50282
0.67986
1.36757
1.0841
0.875333
0.310549
-0.468944
1.13756
-0.44421
2.05169
0.778059
1.17306
2.01873
0.466405
1.14314
3.48419
0.675928
1.18608
0.463664
0.609592
1.95499
1.72316
-0.259825
-0.368523
1.48434
0.968776
1.2755
0.774482
1.7432
0.0492872
1.38967
0.661639
2.0642
1.49448
3.40115
0.000415066
0.873474
0.917083
0.310908
0.843316
2.97016
0.989034
0.97411
1.06951
2.69133
1.46172
0.180121
1.7833
0.0995003
1.30209
-0.118941
0.55368
0.105385
0.457593
0.95895
2.17632
0.665915
0.744641
1.22772
-0.304789
-1.6995
1.35039
1.71062
-0.670345
0.958636
0.259695
0.67477
0.602147
0.112369
1.17996
0.658482
2.02683
1.16391
0.628546
2.25019
-1.07881
0.12015
-0.2052
2.6112
1.6044
1.12894
-0.362743
2.27573
1.85692
1.74465
0.218031
2.57362
1.22552
0.102628
-0.95502
1.13283
1.68348
1.83837
-0.0331722
0.785192
1.4397
0.925179
1.3722
0.901767
3.32204
0.0589367
-0.000563435
1.93793
1.34613
0.0477717
1.89342
0.474126
0.887648
1.4405
0.810056
1.44588
0.697783
0.954811
1.6194
0.630396
1.64339
2.19547
0.959935
2.12765
1.56706
1.68554
3.68556
-0.0700277
3.40171
-0.0313477
1.29357
0.993608
1.40385
1.73657
1.79618
2.7474
1.6996
-0.685232
0.391482
0.483791
1.29177
0.814781
0.450638
0.908251
1.8116
0.0954003
-0.167853
2.9549
2.51125
1.61482
0.793062
-0.0358365
2.26514
2.50686
0.820099
-0.351704
1.47427
0.10592
0.814014
0.901562
1.98558
-0.782151
1.478
0.936652
1.09411
1.14434
0.828607
1.2125
1.8779
1.79141
1.07963
2.52013
1.56335
1.98814
3.39309
-0.358983
0.616281
1.09525
1.08628
1.58476
1.53219
0.585195
-0.637115
1.17326
1.30235
2.15683
1.58168
2.21512
1.48864
0.936384
1.42966
1.90136
1.77008
1.46913
-0.00234912
1.08277
-0.208886
-0.0121248
1.55128
1.32376
2.89463
2.69904
0.0774347
1.35513
1.33869
0.772833
-0.414671
1.80074
2.88646
-0.103472
2.00491
0.764203
-0.628254
1.2515
1.34435
2.20124
0.402951
0.422881
0.914888
1.35376
3.22391
2.02776
-0.278319
0.608298
-0.18055
2.29614
0.970694
1.38132
-0.0482634
2.16131
2.0848
0.983466
0.209627
1.92001
1.65818
0.490957
-2.02808
3.18664
-0.0123938
-0.171952
1.17893
-2.32183
1.87448
-0.80006
1.02338
0.466203
0.293249
0.954118
1.80758
0.0217969
0.0549672
3.46356
-0.211138
-0.453716
0.792625
1.18333
0.520533
1.64062
0.864797
1.1616
0.692638
0.833075
2.19082
1.5991
1.48942
0.562809
1.53101
-0.500381
1.82693
1.43334
-0.331243
1.62117
2.48069
1.25356
-0.228371
0.343019
0.99847
0.187308
-0.113319
-0.141112
0.787893
1.52547
0.171112
1.42504
0.269997
-0.930005
0.893946
-0.162489
1.59303
1.80796
-0.431824
2.20946
-0.630992
2.58126
-0.954535
2.25542
0.301238
0.677172
2.60322
2.48574
-0.206454
2.9006
2.92345
-0.171517
1.4943
0.680709
0.00168761
2.00369
1.71757
1.81827
1.62163
0.706899
-0.503484
-2.21639
0.894925
-2.30502
-0.21318
0.797131
-0.463734
1.35448
1.28578
0.775743
2.19601
1.94466
0.0377626
0.444916
2.40319
1.43373
-0.690816
1.94406
-0.78512
2.7668
1.12671
1.9852
1.22764
1.83897
0.915196
3.56903
0.196429
1.01545
0.236859
1.50074
0.669624
0.608871
0.315676
0.820005
1.1157
1.5751
2.10981
0.059764
-1.19105
0.377098
3.19085
2.28897
0.928885
0.779962
1.52206
2.01606
0.618881
-0.230919
0.785189
1.05714
2.83727
1.97232
1.3056
2.1564
0.662938
1.47477
-0.173649
1.95443
1.0556
1.95641
3.81538
0.873191
2.67635
1.42316
2.86424
-0.0947582
-0.115287
0.828267
0.245949
3.04536
-0.999685
1.11684
3.72326
1.52745
-0.946667
-1.35273
1.11233
2.55752
1.38129
1.10328
0.796818
-1.05901
1.2659
0.275176
1.02377
1.0274
1.91316
2.34566
0.886441
2.80465
1.19376
2.67154
0.983877
0.302858
1.98855
2.7227
1.80968
2.27786
2.3075
0.770861
1.16363
0.0642674
2.59373
0.848325
-0.103621
0.964496
1.84642
1.42633
0.222387
2.00994
0.939381
-0.892318
2.4836
1.03001
0.744003
0.586034
0.982007
0.829085
-0.015052
0.566922
1.70867
1.52418
2.07763
1.52693
1.09406
1.61389
1.3911
0.922155
2.53846
0.725873
0.726014
0.356606
0.905507
1.17776
-0.261975
0.686594
1.47306
1.39125
1.28689
0.66772
1.94195
-0.00292613
0.104584
0.310122
0.573627
1.48319
0.0437437
2.46625
0.876126
0.631169
0.700847
1.08141
-0.0245299
2.07157
0.578745
1.2141
0.695831
0.0149966
2.04489
1.38904
2.625
0.18876
0.268166
2.31866
1.32482
2.23379
1.7068
1.05385
0.320379
2.48279
0.105019
2.99756
1.69219
-0.570552
-1.35652
1.5472
3.41647
1.28887
1.76928
2.74387
0.506967
1.39024
1.86107
2.12964
0.262332
-1.20365
0.446122
-0.341926
-0.931654
2.12413
0.116191
-0.0897691
0.9591
-0.236966
1.2906
0.355996
-0.668377
0.730623
-0.48809
0.404274
2.60523
0.730135
3.77518
2.15571
1.22195
-0.211016
1.12626
0.244562
1.32161
2.08782
0.459627
1.55077
1.87381
-0.0373629
2.47418
0.87653
-0.462471
-0.686845
0.132197
0.98584
0.419782
0.585437
-0.188053
1.18924
0.994538
0.418793
1.63386
1.77112
0.38064
0.525508
-0.366022
1.5971
1.62475
1.65726
2.32851
1.00994
0.521081
2.02566
1.29811
1.74161
2.29051
0.509026
-0.75845
-0.00392178
0.242241
-0.314465
0.563908
1.59896
1.80219
1.23557
2.02803
0.62381
-0.269958
1.29003
0.306618
0.735071
-0.641238
0.445788
-2.05078
0.0310088
0.886052
2.90535
-0.344282
1.41608
1.7643
0.558414
0.515512
1.36939
-1.06753
1.60111
0.777398
2.18246
1.45762
-1.45567
-0.471733
0.811127
1.41806
0.499065
0.854849
-0.116837
0.314106
-0.489523
0.782504
0.289716
0.836182
0.89762
0.207989
2.09876
-0.459178
1.06559
1.33849
1.3495
1.22822
2.13914
-0.019086
0.00828226
0.934331
1.59903
-1.12961
2.94939
1.0888
1.05982
2.51942
1.32573
0.37659
2.42189
0.732454
1.2223
1.86434
1.84294
0.423492
1.71746
1.53351
0.335488
0.0228855
1.02932
1.94648
2.01791
2.11813
0.561127
1.51656
1.20015
0.265091
1.83293
1.6709
-0.263139
-0.519968
0.762936
1.53241
1.41719
0.823901
0.0507793
1.08239
2.44012
2.18372
1.60143
1.32523
-0.859401
-0.395094
0.342021
0.066428
1.16343
2.77244
0.889899
0.469163
1.44251
-0.410201
0.376426
1.50912
1.93813
-0.440427
2.83628
1.94018
0.753384
0.793025
-0.501629
1.41044
0.414298
-0.0125031
0.431739
-1.40438
2.45977
0.92463
0.519361
2.31512
0.889836
2.84036
-1.03077
3.07578
-0.0311894
2.1215
0.409021
0.0617819
-0.245476
0.916955
-0.503095
1.28475
0.977618
1.05954
1.45031
0.044938
-0.554427
-0.757158
0.903122
1.8688
0.19389
1.56148
-0.108484
3.60619
1.21394
0.170635
0.264543
3.36304
0.550224
3.66483
0.968708
1.40036
0.12522
1.17238
1.78285
1.48167
0.854112
-0.343655
2.08217
1.05188
0.545184
1.72097
0.544463
0.22446
1.7688
0.260712
1.03168
1.37452
0.542109
1.52946
-0.734702
1.52438
1.35065
1.36868
2.28939
1.09892
1.34624
1.05745
0.35126
-1.00803
-0.731718
0.764263
0.423711
1.82826
0.445342
0.441976
0.3195
1.02386
0.865163
2.13002
0.0446261
0.161571
0.555485
-0.357129
-0.0181365
2.5941
1.13747
0.740666
-0.866273
0.262474
2.35701
0.406706
0.330055
1.41593
0.730609
0.880156
1.10078
0.270743
0.601528
0.557239
1.97486
2.24285
1.30658
1.05787
0.278106
0.944896
0.2186
3.47702
1.73204
0.239863
2.27196
2.66565
0.00129683
1.93634
1.21269
1.26885
2.64109
1.96133
0.400726
-0.608007
1.58668
1.77122
1.46318
1.87594
1.61481
1.04606
-0.314559
0.205776
1.44121
1.89929
1.24088
0.954765
1.21171
1.72691
0.744934
1.04717
3.34252
1.62885
0.41015
2.00114
0.79368
1.9921
0.0107189
0.898766
1.48853
0.229474
1.27423
0.0740851
-0.464038
-0.126539
-0.565669
1.67287
0.852861
1.04538
1.68711
0.952944
2.02882
1.61356
1.08138
-0.247711
0.42401
0.194033
-0.0689039
1.43208
1.99994
0.985925
-0.395933
0.56867
1.94638
0.584045
0.803423
2.98282
2.24874
0.880853
-0.204825
1.27996
1.60362
1.3044
0.877469
2.49752
0.397127
0.505145
0.449551
2.5146
2.33717
0.873401
-0.00632073
0.797823
1.43527
1.98489
1.63471
1.06051
0.34232
0.28309
0.750756
0.353563
1.35787
1.51117
0.386936
0.430869
0.00876725
0.806105
1.68423
2.92099
-0.0934411
2.02218
0.646419
2.32912
1.09256
-0.17746
2.02714
1.12589
1.68807
0.636557
1.95687
0.64909
0.802052
1.11362
1.30363
0.534931
1.87784
0.0644625
1.33349
1.23727
1.84483
0.338879
0.214637
-0.752383
1.45347
1.05596
2.68846
1.01333
0.495494
-0.638566
1.69609
1.18656
2.71283
0.533116
1.57485
0.220183
2.07289
2.05179
2.83604
1.6215
0.207023
-0.397766
0.296608
1.38655
1.35969
-0.389514
2.97585
0.544278
-0.30607
2.38302
-0.254568
1.24024
0.669758
1.36898
2.57296
-0.0248971
0.271476
-1.00715
1.13333
-0.212121
0.238048
0.604005
0.114502
0.418847
0.431374
-0.14089
-0.0674794
-0.290712
1.1847
1.48904
1.64568
1.74003
1.45207
1.34539
-0.0189694
0.751987
0.788843
-0.472414
0.69535
-1.70873
1.17671
2.9826
1.59242
2.99317
2.42674
1.66402
0.466189
0.12726
-0.503122
3.14812
0.853454
1.39595
-0.0194876
0.381065
0.660065
0.512652
-0.421982
1.27553
1.61119
1.52059
0.974696
2.85601
0.125143
2.25746
1.37466
2.04213
1.30633
1.95015
1.95019
-1.0951
0.289847
1.31082
1.92935
-0.406316
0.233094
0.698697
0.417735
-0.749903
2.06211
1.28552
-0.540751
-0.219261
1.1757
1.82561
2.74547
0.870255
3.31052
1.76971
-0.625756
2.12405
-0.0508407
0.898251
1.0913
-0.773561
2.24898
0.918062
0.379029
-0.242438
-0.135202
0.921746
1.34431
1.33521
3.09198
0.694327
0.537933
2.35073
1.21786
2.14842
0.326563
1.01301
0.460858
-0.288536
-0.434897
0.479158
1.34406
1.81324
1.08703
1.31763
3.05218
2.2194
1.58277
0.562177
1.01102
-1.41786
0.142236
1.82025
2.21293
3.16204
0.8156
0.550164
0.971494
-0.0458238
0.500577
1.22112
1.19518
2.12125
3.07809
0.977683
1.2212
0.936325
1.21169
0.535312
2.77647
1.03755
1.47552
2.84255
0.453181
1.37065
1.99071
1.97493
0.435957
1.41668
0.778468
0.20019
2.09706
0.896467
-0.374373
2.54706
2.11639
1.07127
1.90602
-1.43139
1.04387
1.78508
0.606865
0.574589
0.709334
1.04647
0.0819148
1.62787
1.47156
0.905967
0.688988
1.17525
0.836533
0.904434
-0.899731
0.0337648
2.09188
-0.0616806
2.24266
0.861815
0.7618
1.11263
0.714835
0.645971
1.80635
-0.260858
0.69624
-0.711762
1.07978
2.85146
1.24059
0.681812
2.40802
0.499645
0.695269
0.735485
0.20211
-0.656322
3.10047
0.508625
-1.6784
2.37093
2.16539
0.905698
0.977545
1.43626
0.721393
1.00903
0.935299
0.92994
1.1126
1.1804
1.9157
2.0728
0.251396
0.35057
-0.0988225
1.48927
1.4997
0.295197
1.86192
2.80036
1.59679
0.561635
2.61138
-0.477581
1.72805
1.47772
0.529439
-1.46965
2.18899
1.15392
2.72248
1.34411
2.59893
0.244693
1.14949
1.91592
0.714743
0.863575
3.27317
-0.489815
1.83145
0.838598
3.36026
1.39104
2.04798
-0.498226
1.00483
0.083974
2.42637
1.1145
1.38502
2.16787
0.484991
0.19491
-0.130278
0.0909622
0.25463
2.22473
1.96007
1.78682
1.04967
0.19106
1.11779
-0.225704
0.772401
2.09889
0.9409
2.61939
0.679858
0.0561284
0.896175
0.449509
0.887292
2.47499
2.20797
1.68326
1.37604
1.62822
2.36413
1.90251
0.761235
2.16654
0.0956804
1.2001
1.36421
1.58946
1.30541
1.65577
0.684606
0.948723
1.39843
1.67895
0.228689
2.46233
1.69358
-0.173419
1.61794
1.46766
1.45616
0.269161
0.704062
0.927159
-0.0247802
1.29071
0.00585447
1.47541
1.2109
0.483414
1.70844
-1.11032
2.51921
1.58065
1.34731
2.92765
-0.44804
-0.983468
1.35384
0.451737
-1.66975
0.845008
1.56161
-0.168435
2.43597
0.290373
-0.295333
0.504383
0.75599
1.94716
2.35703
1.83753
0.826936
0.589184
0.607936
0.855425
1.174
1.25041
1.61806
0.838661
1.58307
0.95671
2.36817
-0.715819
0.696516
1.47611
1.12131
-0.831599
-0.232021
1.06674
1.94678
-0.497737
0.871705
1.95923
1.05371
2.09145
2.90486
3.13019
3.09257
2.94741
0.803079
0.522421
0.130314
2.47068
0.767305
2.68657
0.450993
2.05879
2.16366
2.45521
0.222211
1.53766
-0.367724
0.695106
1.08476
1.41419
-0.551189
2.55879
0.911544
0.0530681
1.13314
0.970002
-0.584569
0.1682
0.175701
0.699065
1.89213
1.08768
0.754494
1.87627
2.07163
0.142912
0.668991
0.395099
1.07888
1.80394
-0.486295
1.95364
-0.149777
2.05976
0.690536
0.761095
1.76433
0.332946
2.69127
-0.170149
-0.504929
1.25393
-0.0752478
1.63811
0.625998
0.429426
1.659
2.35539
0.928329
0.851081
1.41498
2.62815
1.69854
1.51559
1.24846
0.675531
1.26304
0.692308
0.251313
0.676393
1.75441
0.802341
0.79817
-1.62871
1.72435
-0.283737
0.495776
-0.795359
-0.214407
2.66909
2.62647
1.77587
0.424887
0.819834
-0.265862
1.3898
1.94253
1.72742
-0.504809
1.49228
-0.643879
1.63618
1.75411
2.22846
0.191407
0.245102
1.23928
-0.390359
0.750829
1.11265
1.49834
2.11869
0.35148
0.704862
1.42847
1.86918
-0.299663
-0.405789
0.021337
3.66525
1.38641
1.36283
-0.817171
1.92136
0.326251
1.53858
1.23023
-1.0249
-0.294133
-0.54505
3.66022
0.998884
1.69872
-0.49275
0.872953
1.00794
0.960982
0.588048
0.257868
1.55217
0.265463
0.818865
0.860077
1.80246
-0.0336288
0.855763
1.41307
0.70495
0.363399
0.469564
1.53583
3.23437
1.51098
1.20393
1.51727
1.18098
2.31824
1.70616
0.984465
1.61934
-0.238373
1.02922
2.4164
0.25937
-0.499282
2.73308
-0.676794
3.00694
-0.164142
0.548852
2.09838
2.41187
0.644032
-0.0991054
0.581864
0.778011
2.03729
2.67595
1.34395
-1.68817
3.23128
2.02649
1.77467
3.10241
1.57247
0.824357
1.58238
1.43783
2.82406
-0.296988
0.209695
1.56411
2.42104
1.50024
1.71809
-0.0172434
1.95049
1.28493
1.12042
-0.357683
1.41831
1.43252
0.504295
0.254533
0.565637
1.1221
0.558363
0.471288
0.615787
0.281796
-0.599413
-0.890597
0.784801
0.189125
1.08267
0.0391023
3.29174
-0.518876
-0.1449
2.03353
0.818651
1.75926
0.528378
1.36956
1.1514
0.692616
1.30558
0.819797
3.42102
-0.398835
0.985938
2.50201
-0.10048
0.929141
0.407088
0.388131
2.35049
-1.07424
0.470163
-1.49789
1.07382
0.816253
-0.24694
-0.435607
0.761606
1.59239
-0.175987
1.72639
0.645975
1.36113
1.93775
1.84598
-0.712783
1.27426
1.78356
2.98374
1.12261
1.25173
0.680045
-2.37249
-0.557472
1.85368
1.82561
0.835104
-0.0683705
-0.324814
-0.682891
1.75217
1.80049
0.458634
1.78247
-1.06444
-0.331149
0.508729
1.47056
0.649227
1.22713
2.14507
1.83087
1.97013
1.88154
2.64263
0.642821
0.864332
0.498017
0.787013
1.88683
-0.0219379
3.19784
2.07389
0.6586
0.920755
1.40196
1.63151
2.28065
0.154863
1.59197
1.49785
0.386835
0.992874
0.536631
1.63366
-0.351216
-0.108327
1.38749
1.07554
-0.29605
0.713392
0.750912
1.58618
0.0539618
0.124128
0.879558
1.22444
1.66831
0.615149
1.68885
0.28189
0.993534
0.219379
-0.0538525
0.794578
-0.536746
1.67113
2.1457
0.434547
1.75817
0.498581
1.52034
1.52445
-1.19341
0.0683605
-1.84821
-0.474148
1.352
-0.119002
-0.84199
1.24956
1.39717
1.76184
1.87941
3.41998
1.01464
0.0114256
-1.61624
1.59251
0.645199
1.1574
-0.0726654
2.17431
1.63431
0.898343
-0.688657
0.850903
1.26823
2.12516
1.31688
2.42066
0.744609
3.3582
0.770741
2.72203
0.235069
0.292146
1.69407
2.14133
0.913692
2.61181
1.18979
0.565552
0.529371
0.864849
0.288261
0.00702199
2.01146
-0.388205
2.31213
2.5702
0.331966
-0.349281
0.165715
1.8409
2.54277
1.05597
2.34822
-1.34921
-1.24037
0.0734028
1.48066
3.8822
0.552814
3.73413
1.80546
2.00506
0.0697604
-0.265697
2.32607
1.28067
0.799303
1.60687
0.981976
0.48191
-0.878114
1.66259
1.20294
2.58658
-1.09586
0.262107
-0.577233
0.32707
1.71023
1.13787
1.07229
2.08744
0.508047
0.483648
0.268075
0.952894
-0.738866
1.97527
0.547321
0.537258
2.93855
1.89216
1.10392
1.81808
1.66425
-0.16781
0.985732
1.27698
1.63291
-0.310324
0.527935
0.927098
1.02772
2.99342
0.639375
1.51029
0.514598
-2.15663
-0.470643
1.15478
2.13964
1.37935
0.27825
1.76244
0.698037
1.59837
0.810884
1.32577
2.817
2.86074
-0.065635
2.87339
0.908629
-0.770641
-0.651014
0.441333
1.90974
-0.0614795
0.78739
1.39315
0.770767
1.4242
1.54823
0.31523
0.536211
1.3309
2.58299
0.800319
0.439795
0.634029
1.07585
2.00501
1.00282
-0.424681
0.673403
-0.265147
1.43886
1.01026
0.873234
1.17823
0.653288
2.03605
0.915505
2.23896
-0.865799
2.0398
1.29077
-0.164519
0.152941
0.765205
0.470567
1.1915
2.58741
-0.751269
0.524484
0.3059
2.14595
2.98375
0.646776
-0.283827
1.01125
0.120443
0.788746
-0.805271
-0.297836
-0.39255
0.820168
-1.39419
2.58759
0.00831924
1.51861
0.364586
0.494129
-0.357697
1.0163
0.268054
1.61772
0.656178
0.866954
1.76039
1.96723
1.14338
1.07381
1.01125
1.22062
2.0943
-1.37876
1.67193
1.79877
1.20894
-0.0508045
0.444507
-0.707204
0.105528
0.561419
1.80333
1.81881
0.828516
1.43516
0.373321
0.0929741
0.706376
0.294855
0.172633
0.498644
2.07286
1.80913
2.37192
2.44864
1.16513
1.46258
1.05793
0.94384
0.873804
1.87019
2.0109
1.30261
0.934241
1.93237
2.17208
0.456089
-0.34712
-0.410489
-0.301131
1.19671
0.751921
1.37658
-0.180805
0.994999
0.534498
-2.04432
1.56831
-0.131061
1.90559
2.18727
0.631227
1.0351
1.97922
2.4411
0.995668
1.20744
0.830107
1.91408
1.3894
1.17663
1.30179
2.82069
0.219455
1.42306
1.82614
0.361133
1.52418
1.6086
2.40855
-0.434288
1.35584
0.160121
-0.669517
0.155411
0.436318
0.549694
0.704285
2.48092
0.760015
2.26142
0.794507
1.69158
2.42504
1.06518
1.40928
1.98967
1.36851
0.899085
0.58464
1.54528
1.61775
0.848425
0.116955
1.84742
-0.642774
1.82706
0.348542
-1.25363
1.94862
2.27784
3.14292
1.0458
2.07784
0.99427
1.32982
2.44074
0.935839
-0.0392532
1.86316
0.412114
0.265662
2.35553
1.84353
1.30381
1.05045
0.426166
-0.0104618
-0.109156
1.18016
1.14303
2.42189
-0.0257966
-0.699761
0.309831
3.45383
2.89344
1.30657
0.376938
0.630865
-0.124347
1.36259
0.372598
1.4114
2.18552
0.423219
2.01776
2.07622
0.488507
0.350481
1.58201
1.07978
0.336067
1.41088
3.08094
1.5013
0.916361
-0.187074
-1.29878
0.401196
3.10857
0.822747
1.71257
-0.244327
-1.01835
-1.07536
2.61155
0.114401
2.04575
1.18401
-0.0343771
1.79003
0.786357
0.237334
1.83584
2.09263
1.26383
2.93232
0.744424
0.510704
0.673928
1.86396
2.90912
1.49332
0.122945
0.43122
0.990859
-0.0666617
0.734049
1.97831
2.1756
1.6289
3.36286
1.3613
1.02633
2.908
1.23051
1.00473
1.05802
2.29145
0.223833
3.01305
0.457201
1.96885
0.776448
1.35454
2.15996
1.33923
0.454948
-0.925933
0.733514
1.30836
0.689224
-0.0729724
1.65678
1.01402
-0.421746
1.6988
1.94789
-0.0945368
3.26118
0.225952
2.04071
0.328698
1.53122
0.777121
1.72861
0.284555
0.793395
2.55558
0.130911
0.0829392
-0.904377
2.02389
1.3692
0.0687657
1.10533
3.1318
1.94879
1.65436
1.4695
-0.48651
-0.111155
0.846827
0.474762
1.36647
1.25074
-0.556415
1.88563
-0.200111
2.09878
0.303399
3.97952
0.913704
1.93337
-0.824424
2.12711
0.607879
0.0548222
2.17522
1.33991
2.08865
2.92257
0.42651
1.25608
0.836275
0.997199
1.13424
0.324861
2.5623
1.88034
1.34082
1.32844
-0.524299
0.0233407
-0.330963
0.145314
-0.0442662
-1.13948
1.31392
0.689854
1.07531
1.67067
2.4698
0.999279
-1.22687
1.3242
1.30238
-0.623868
2.06701
1.29502
1.55095
0.467123
2.39293
2.307
1.40851
-0.271945
0.599196
0.718756
2.08937
1.11545
1.56699
2.02836
2.58585
0.192669
1.03322
1.0222
1.59706
0.639101
-0.228884
0.890688
0.331118
0.652576
3.81937
2.10738
2.82028
2.78076
0.594904
0.528824
1.44269
0.6495
0.0158686
-0.44338
1.95238
1.11482
0.733217
2.0459
0.795032
0.561642
0.720406
2.59649
1.49387
-1.33864
1.28285
3.20081
0.98445
1.34791
1.12773
2.00231
1.89337
0.521863
2.6798
1.04931
1.20135
0.629355
0.527175
1.31439
1.6358
0.41489
-1.22562
1.00144
1.54843
-0.323921
1.59174
0.0810212
1.56059
1.22963
1.51397
1.12033
1.34306
0.417359
1.86567
-0.573351
2.41619
0.602051
0.277722
1.56424
0.775118
1.65272
1.15898
1.20133
0.173715
0.559564
-0.642952
1.24209
1.40085
0.978241
1.65015
1.51554
2.14098
0.387023
0.527339
2.09306
1.23475
-0.528817
1.69597
0.667639
0.448129
0.743477
2.3231
-0.31913
0.674832
0.801567
1.84656
0.154524
0.297285
0.818009
1.09467
0.0273573
1.88153
0.419218
1.81426
1.17643
1.31514
2.22712
1.85807
0.188875
-0.34834
0.206061
1.63619
1.33076
1.99085
3.15329
0.484371
0.708965
1.29309
1.87031
1.77614
-0.366559
0.133079
2.01688
0.960526
1.91739
2.11458
1.42377
-0.0336056
2.43983
2.12289
1.24731
0.796369
-0.182072
2.06629
-1.40205
1.01083
0.710948
0.200292
1.27627
1.4814
1.41688
0.207128
-0.0541558
-0.122688
1.48108
0.957314
0.497295
-0.408005
-1.97565
0.034296
1.34437
3.15629
1.07384
0.283739
1.92977
1.97785
0.613859
0.629821
1.63459
0.147708
1.34745
0.383527
1.45329
0.951423
2.38778
1.21242
-0.0552665
1.42145
0.923791
0.506439
1.4842
-0.354725
1.66368
1.04328
-0.0706459
1.2318
1.23574
-0.108753
0.635565
-0.250722
-0.0239478
1.77979
1.00996
1.20299
1.7441
-1.74422
2.0523
0.837557
-0.45506
1.55038
0.236579
1.27895
1.59274
0.749397
0.466368
1.0682
1.91659
0.540632
2.42932
0.238672
1.88793
-0.207556
2.87749
0.22014
1.00902
0.760162
-0.404733
0.643125
0.349324
0.275937
1.14713
2.57782
0.141762
1.1474
1.00182
0.797073
0.340612
2.59481
-0.0266375
1.08063
0.70626
0.884255
1.39828
-0.0515645
1.22158
1.1885
-0.451351
0.737925
-0.0317611
1.25155
1.35659
1.49681
0.173568
0.413652
1.70009
1.40347
0.315865
1.76678
0.30537
2.09554
1.82512
1.26237
-0.963102
1.66149
3.07713
0.864721
1.35271
1.61536
1.69201
0.695899
1.5242
0.211224
5.09884
1.35754
1.70991
-0.334244
-0.175804
-0.0550399
0.659067
0.171648
1.04346
0.446554
-0.884108
0.0284163
1.79257
-0.445111
1.00368
2.37063
1.57581
0.680447
1.07202
2.25234
2.88345
2.259
2.13905
1.41748
2.37327
1.0915
0.502237
0.344282
0.263039
-1.13771
0.0728471
1.66913
2.47502
0.534019
1.84458
0.220265
1.65966
1.10289
3.53319
0.691887
0.604743
0.671478
0.382911
1.14839
1.68321
0.709123
-0.203749
-1.94816
2.57216
1.74516
1.40376
1.63366
0.116393
-0.0174914
2.23454
-0.182304
0.777632
-0.56999
1.80726
1.08677
-0.543441
0.71106
1.00607
0.0625435
2.53441
0.558547
2.63686
2.34281
1.18634
2.41936
0.797708
0.91704
2.29946
1.34034
0.803189
0.754927
-0.358849
0.380936
1.18039
2.02665
-0.245953
1.2267
2.16328
-0.748536
1.70971
1.35235
-0.264359
1.39642
0.625771
0.559987
0.0200204
1.80425
0.213546
-0.202607
0.640605
1.81541
-0.535538
1.0581
-0.0346489
1.32155
0.643287
1.0816
1.59196
-0.532871
2.31097
1.33563
1.10592
2.22151
0.539358
0.62459
-0.407135
1.15151
0.467437
-0.925797
0.159557
1.19859
0.00675543
1.53507
1.11024
0.210605
1.84409
0.226756
0.486934
1.01649
0.859018
2.55868
1.60282
0.319609
1.2807
0.728035
0.130704
0.499824
3.19884
1.02215
1.29134
0.982812
2.16634
0.777311
0.493798
0.637062
1.43752
2.24279
-0.156649
0.490212
0.626946
1.61146
1.82239
1.18548
0.94506
-0.273671
2.9623
1.02177
1.63952
1.46796
2.17703
0.950996
3.89732
1.2599
1.38344
1.28905
-0.0836341
0.221596
1.84126
0.590033
-0.439409
0.919221
0.376054
0.560108
-0.00422032
1.61754
-1.1137
1.87891
1.82767
1.79799
0.293073
0.495463
1.65536
1.74852
1.12638
0.521622
1.42074
0.764097
1.62126
-0.682613
1.43553
0.557235
-0.46473
2.14715
1.93836
0.110825
2.64446
0.610604
1.36735
0.640672
1.34953
1.11614
1.07652
-0.752856
1.21131
0.38281
1.99459
1.00091
1.69587
1.64205
3.43621
1.42981
1.78166
0.64984
0.633345
0.77546
1.01387
2.38389
1.38138
0.759767
2.18784
-0.712268
-0.0596273
0.548506
1.64646
1.79201
1.35721
0.805765
1.10681
-1.57003
1.6849
-0.958321
0.825798
1.70517
0.540511
0.550428
-0.0728217
2.05905
0.640929
1.70923
1.88297
1.41085
-0.241417
1.28501
2.61505
1.13902
0.897737
0.732154
-0.587649
0.399665
1.62512
1.39632
2.62587
0.846222
0.391817
3.56456
1.27546
0.753168
1.50713
0.169157
2.09755
1.47708
1.28614
1.70807
0.333634
-1.60879
1.5951
1.27274
1.76777
2.42665
1.35602
0.988229
2.15526
-0.746501
-1.02693
0.1289
0.58223
2.44864
-0.162403
-0.815711
1.71133
1.01336
0.300428
0.124199
0.24732
3.10396
-0.357077
1.2943
-0.242107
0.539539
0.346875
1.21512
1.54186
0.952329
1.86476
0.178207
0.0747853
0.28242
-0.0926877
1.14401
1.30343
0.456445
0.2345
0.505011
1.16995
0.973712
0.907466
2.16519
1.61464
1.3909
1.19685
0.725094
2.7914
2.83657
2.98221
0.514272
0.729014
1.96999
0.00972171
-0.24984
-0.332692
0.936792
1.75759
0.00294172
1.19795
0.891857
-1.33524
0.499187
1.73049
1.99873
1.16696
1.09643
0.246268
1.53868
2.51325
0.456944
1.32059
0.984252
2.389
0.103125
1.76729
1.94432
-0.121996
1.07037
1.91589
1.69792
0.595091
0.0366444
2.20517
1.83764
0.0313153
2.05707
0.257624
2.82864
0.642825
1.24908
2.21378
1.50373
2.25268
2.14041
-0.816782
0.0113095
2.37561
2.58502
2.96113
1.57975
1.01467
1.60692
0.575833
1.47177
-0.751037
0.453166
-0.0106167
0.605381
3.459
2.20726
2.3255
1.45995
2.06227
3.98168
2.46789
1.16511
1.48655
2.53979
0.509355
0.243703
0.0630647
0.279387
0.499417
1.26656
0.805904
2.05595
-0.347602
0.563524
0.626105
0.7908
1.77589
1.3823
2.61708
1.448
-0.0607621
1.81544
0.714373
1.92561
2.96191
0.872403
1.5767
2.76175
2.836
0.527531
-0.729215
1.22408
-0.0649994
0.706187
0.392967
3.54313
0.713326
1.44268
0.592438
0.472308
1.5309
0.940517
1.10828
1.40636
1.59319
0.69266
1.07429
-2.01945
1.39844
0.403412
1.02507
0.578702
0.336639
0.0919074
1.43718
1.27959
-0.420875
0.382747
0.682258
2.38422
3.11283
-0.210743
1.23734
1.50915
0.243176
1.67551
1.67501
0.938158
-0.0212861
1.58558
1.86738
0.00308579
0.862002
1.21789
1.64854
0.67805
1.29221
1.43145
3.47769
0.649583
0.444781
1.0412
2.09402
0.853004
1.98321
0.593683
1.3831
-1.29599
0.961232
0.860799
1.39557
1.88466
1.807
1.62716
-1.30619
-0.375027
2.82045
0.813964
1.6361
0.994225
1.22499
1.36492
1.37184
1.28247
-0.211575
0.690413
-2.45017
1.64575
0.427496
0.163327
1.65418
1.18146
-0.0476726
-0.568689
1.91567
1.1921
1.84795
1.56241
-0.822819
0.966335
1.2691
-1.18128
1.74271
-0.384134
0.615983
2.63504
1.85711
1.28467
-0.0874964
2.09977
0.672786
1.55353
1.7676
0.668815
1.12523
1.96731
1.82753
-0.506431
1.4226
2.75115
1.98271
0.0777005
2.47253
1.64827
-0.535399
1.76579
0.842559
2.96739
2.10826
2.08694
0.541064
0.702315
0.139323
2.2724
0.163981
0.651953
0.912327
0.362933
0.470731
0.914762
1.3655
0.348062
2.01364
4.31167
5.01857
2.89193
3.94153
5.23004
4.22791
4.25865
3.8484
2.09194
5.24271
3.67686
4.18823
4.3944
3.07348
3.95824
4.67115
4.83281
5.17085
4.0069
4.15315
4.16963
3.23977
1.81516
2.18555
4.07605
3.6069
2.86302
5.06241
4.71051
5.21903
1.81505
3.4179
5.07431
3.67814
4.83436
2.96609
4.5775
5.56343
3.69756
3.63742
3.56106
3.34594
2.86358
3.03835
3.04979
2.22266
4.73655
4.43532
4.63179
4.63245
4.12262
2.49642
5.46278
4.5611
3.97553
4.26827
1.84737
5.63391
3.09336
5.05803
3.58232
3.63324
3.23445
4.24673
4.59176
3.43687
4.33651
1.99274
4.67076
4.24599
3.81154
2.41532
3.16982
5.13432
3.46144
4.26013
2.67893
3.76982
4.82805
4.0035
2.97001
4.97971
5.62307
3.86047
3.70189
2.42031
2.7858
3.75423
1.35849
4.73371
4.30612
3.21009
5.18213
3.55697
3.79124
4.97846
3.74572
3.29224
2.70069
5.86164
3.33147
4.60335
5.91837
4.44853
2.19207
3.22221
5.33249
4.53841
3.34498
3.56016
4.09601
5.78489
4.56014
3.0688
3.60234
3.30922
4.99597
3.61498
4.99184
4.46328
4.95965
5.07263
3.24063
5.41168
4.67223
6.22075
4.53848
4.11054
3.35576
4.07635
4.60818
1.55611
3.81184
4.28733
4.00427
4.38177
3.21645
3.30406
3.86138
4.56969
4.68517
1.45991
4.00931
4.80451
3.05294
4.38184
2.87408
4.47104
4.99971
4.06831
2.21623
4.07137
4.06554
4.6974
3.27999
3.78944
4.36425
3.27736
4.07456
3.99868
4.05314
4.55766
2.63826
4.39853
4.8848
2.58301
4.45614
5.6367
3.9864
2.66441
2.60572
2.34327
1.47664
2.91241
3.08138
2.8487
5.07122
4.28673
2.16754
3.94503
3.95017
3.08696
4.65715
5.74205
3.96885
3.16642
2.59734
4.38368
5.81404
3.2041
2.53025
5.07427
3.92578
4.84602
2.26816
5.3235
5.62094
2.72661
4.89025
2.76524
3.78587
4.08001
5.3717
3.33959
3.82137
3.39732
4.20994
1.99912
4.55837
3.75207
3.1565
5.63272
4.30627
4.86235
2.92608
3.29829
2.08604
4.81337
3.50174
4.97145
6.16231
4.75324
4.93222
3.6197
4.51864
3.28784
4.39969
3.36798
3.94993
3.85398
6.08896
5.05411
3.17437
3.38655
3.68281
4.7476
3.78191
4.26538
3.27677
4.35144
4.3321
4.3556
5.51562
4.85168
2.29428
4.61201
3.25863
4.9699
4.32173
5.25332
4.97343
2.43296
5.02399
2.4042
2.80561
5.30158
3.68532
4.73933
3.04211
3.77929
4.50344
3.78028
3.94314
4.44082
3.21725
2.68069
4.78586
2.34682
3.67273
4.92511
3.73661
4.11179
3.23812
3.25434
5.81954
2.54999
3.63429
4.03026
3.40091
3.38935
6.39609
3.90663
3.81552
3.73672
4.25253
3.30305
4.4793
3.30348
4.32024
5.66715
5.12574
4.4315
4.73333
4.10692
3.53271
4.09156
5.05162
4.94251
3.54432
3.0478
3.1636
3.05012
3.70002
4.05738
5.00648
5.49884
5.20945
2.97101
2.80904
3.56266
3.95352
3.59468
2.3238
3.07398
5.72829
5.00093
4.77387
4.19995
5.82652
5.06687
5.16005
6.0509
3.32784
3.21444
4.73853
3.54058
3.64366
4.20071
5.64032
6.11945
4.86889
4.4394
4.30673
2.5788
4.65673
2.84894
4.84023
4.40209
3.73831
2.61521
3.93552
4.36059
4.3811
4.62696
2.62908
2.81124
2.55313
4.1976
3.02897
4.39758
4.62512
2.75727
3.4965
2.45456
5.95344
4.77961
4.48911
4.51282
6.28802
3.53891
5.31694
4.53244
3.85247
4.31302
5.00282
3.89051
3.84506
4.3273
2.89018
4.10489
4.28578
4.52002
4.0763
5.23206
3.29871
3.56735
2.83366
3.83968
5.69632
2.2318
3.63219
4.58037
4.26066
4.60857
3.31396
4.49145
3.09223
3.44898
4.81295
1.82682
4.19831
4.50843
4.84898
5.44418
2.89057
3.80419
3.09428
3.93479
3.89603
3.69424
3.80622
2.77411
5.26248
4.48953
5.09703
2.11674
4.44295
3.04472
3.51524
4.35864
3.41758
5.45793
5.29455
4.1907
3.56718
3.09893
2.1465
5.13397
3.74991
2.14385
3.4665
2.41229
3.61431
4.51963
1.7288
2.93927
4.66686
3.40785
3.52464
3.26745
2.86058
4.33247
5.66858
4.05457
3.41027
4.07622
4.60354
4.54045
4.09084
3.80184
4.58227
3.51829
3.96951
5.53282
4.32541
3.21037
3.18654
4.77419
4.96324
3.61919
5.26075
3.85647
4.69671
3.68048
2.62851
3.52266
5.09611
2.00445
4.02691
5.25131
4.47386
4.57618
5.16186
4.67742
3.91661
6.37809
4.10296
3.88837
4.12758
3.61149
2.78832
4.59096
3.45453
3.3924
4.12495
5.32876
6.45797
3.89122
2.83484
6.6728
3.43896
3.36104
5.58185
3.39039
3.84824
3.99716
5.55365
3.62344
2.7063
3.53402
5.38038
4.16112
5.78848
2.25535
4.03432
4.20128
2.77342
3.77751
5.13276
2.50241
3.11305
2.75948
4.56259
4.61603
4.2464
5.39438
3.57316
5.34635
2.38576
3.36623
2.91304
5.32265
5.69868
4.21971
5.06027
3.09944
4.23509
4.55593
4.80392
2.58834
2.93753
2.74942
4.69606
3.55562
4.80333
5.06476
5.6032
2.86165
5.08194
2.35155
3.45383
4.09951
3.94583
3.36541
1.57092
3.34595
2.52856
1.05966
5.19459
3.45031
4.53638
4.29297
2.35354
3.73375
4.75981
5.25106
2.38525
4.37891
4.2809
4.40739
3.30937
5.08567
4.11572
3.07332
3.47584
3.21869
4.7702
2.10623
4.25411
5.1403
4.41325
3.50146
2.6947
4.97755
3.38582
3.47331
5.08653
4.84606
4.45048
3.59661
4.16735
3.13738
6.70173
2.94409
4.5711
2.4014
3.82108
4.49243
3.78765
1.89525
2.52443
2.81418
3.77248
2.35383
4.21087
3.9425
2.49091
5.00753
3.34391
3.86514
3.7554
4.70959
4.80467
3.07653
6.15359
4.8725
3.91081
4.13382
2.77241
5.05983
1.61266
3.90386
4.39508
3.93099
2.89549
2.56167
4.93718
4.01106
4.77755
5.80131
3.61035
2.70779
5.47089
4.50404
2.07843
1.69185
1.34862
3.97585
4.62905
2.65366
3.64901
4.69187
3.4522
3.06856
2.80419
3.5676
4.75049
4.38692
3.32533
4.92311
3.00371
3.97746
3.77359
5.19993
4.86955
4.34671
3.52287
3.34359
2.95329
4.49624
2.43479
4.43084
2.41432
3.53451
3.93331
3.95288
3.83252
4.80655
5.86732
4.23511
4.82522
3.42945
3.73771
3.97097
3.34905
5.8749
4.17649
4.31731
2.84096
4.49686
4.0698
4.56758
2.84364
3.54021
2.45917
5.63939
3.82785
5.0214
4.52043
2.97764
3.5806
3.49086
4.41532
4.5658
4.75398
5.32155
3.44492
4.31797
3.70763
4.44725
2.78023
3.66201
3.50611
3.29794
4.49723
3.82451
3.28237
3.82491
4.76338
3.89357
2.55332
4.60926
2.45455
5.08862
2.36339
4.44491
3.35897
4.6259
4.73049
5.79931
2.87896
3.90161
2.64865
4.12442
2.84424
2.21545
4.92273
4.79621
3.51442
3.71054
3.94571
3.33676
5.49841
3.77857
3.40318
2.78271
3.217
5.75215
4.54967
4.58192
4.27938
5.96914
5.27029
3.84657
4.27061
4.66814
3.92715
3.36101
4.25515
2.29092
4.60612
3.5828
3.95644
3.75047
3.79128
5.46254
4.7293
3.66287
4.28756
2.91364
5.34396
3.59786
3.90997
4.95312
4.88667
4.16885
4.00754
5.09231
3.94625
3.66596
5.66167
2.90321
4.8291
5.08846
3.93414
4.74026
4.38459
2.1746
3.80343
4.18854
2.63783
4.56521
2.54407
4.53223
2.3728
2.77823
2.83254
3.84314
2.19288
5.80605
4.09904
4.254
4.18347
4.5849
3.531
4.18356
3.45476
3.89886
5.35364
5.97258
3.13013
6.51854
4.43446
4.5857
3.97242
3.23374
4.572
2.94993
3.48509
4.21476
3.94934
4.23948
6.51461
4.26638
2.04393
3.49795
2.26981
4.10669
3.94364
3.42178
2.19334
4.8078
2.73647
1.83181
2.72696
3.1868
3.00429
5.0133
3.25842
3.40832
4.83567
3.99918
4.88517
4.91451
2.88841
4.43207
3.11024
3.46101
4.04823
5.80685
3.00482
4.28724
5.06341
5.00094
4.96467
2.78864
3.08114
4.71006
5.41605
5.53078
3.37399
2.97212
4.70082
5.31865
4.3589
2.06453
5.39969
5.05708
3.28837
3.65561
4.39069
4.01196
1.92271
2.71966
5.21538
3.31516
2.93551
2.32795
4.03227
4.40794
4.38555
3.0209
3.06781
4.90375
3.90233
3.74533
3.44301
2.45884
3.38479
6.03302
1.99464
4.32828
3.50513
4.89846
3.64037
4.8691
3.3258
4.07073
4.80299
3.19149
5.17415
4.40207
4.64505
5.54889
3.39427
5.71597
4.21562
4.0239
2.9934
4.72911
3.2365
3.18817
3.35144
4.2864
4.57373
3.92603
3.25925
3.93976
3.98299
7.78276
3.82191
3.63481
1.88408
3.85321
4.82334
4.13811
4.82589
4.007
4.70475
6.10793
4.69765
4.21075
2.31487
4.30534
2.92172
3.04389
5.73848
4.00612
2.52729
4.56189
4.46688
4.47352
5.90276
4.50833
2.72688
5.66505
3.84668
5.91026
6.73181
3.57688
6.17313
2.92293
5.85772
3.51115
4.48312
4.85241
0.619823
3.26493
4.83574
4.18704
5.69707
3.31768
5.22237
4.00571
3.96959
5.40161
4.04035
3.37595
4.33107
3.88233
5.01008
3.04804
4.80892
3.36502
5.82729
4.05662
4.71248
3.35607
4.30288
2.45569
1.38339
5.29439
5.12983
5.62251
4.95198
4.51522
3.52904
5.28629
3.70354
4.40657
4.17729
3.88578
3.98439
4.79534
4.43165
5.52403
3.28259
3.53085
4.50984
4.29626
3.59928
4.25368
0.611234
3.7627
2.97584
4.11032
3.5174
4.55516
3.90287
6.44993
3.88494
3.615
4.49997
3.60246
2.59659
3.4612
3.61637
3.75191
3.13497
5.55871
3.29473
4.61714
5.17573
3.83366
5.13494
3.65363
4.78996
3.33358
6.4314
4.99599
2.97719
5.47059
3.3497
4.66627
4.61676
3.47297
5.18936
4.42903
4.22167
3.68927
4.44819
2.10096
3.49631
3.93136
3.63622
4.07363
3.15361
3.03414
4.34787
4.66766
5.00033
2.79132
5.36043
5.53264
3.85238
4.2748
4.82635
5.6539
4.7943
4.78888
3.25066
3.336
2.77961
2.96311
3.4323
4.01154
5.93683
3.45296
6.61393
2.99453
2.99913
3.336
4.46497
4.23587
3.87958
5.21535
4.47985
3.0039
5.96421
3.45349
2.93001
4.35483
3.63441
2.6999
3.08124
3.89367
3.63984
2.61419
3.33229
4.63513
4.25566
3.08621
5.18708
2.79381
4.31083
4.84572
4.0061
4.34578
3.04277
3.87703
3.15118
3.37376
3.04174
5.63838
3.16694
4.25431
4.10896
4.21689
3.85178
4.08564
3.05852
4.83557
3.47074
4.14216
3.08276
5.36275
4.12779
2.56626
4.11133
4.30999
4.66614
2.9226
3.67
4.21074
5.47171
4.67582
5.2986
3.50582
2.43868
1.99132
3.67803
3.07923
4.19994
2.48602
3.68725
3.49682
4.59612
4.11636
4.90502
3.80155
3.48846
4.56458
3.828
4.05963
5.30554
5.18308
4.32479
4.49227
3.01194
3.38868
5.11157
3.99986
3.1886
3.04594
1.81228
2.04682
4.31029
3.61033
4.18831
4.58409
3.62582
3.96087
2.9982
2.27441
3.97284
3.68818
2.58943
2.43825
4.60022
4.50692
3.01911
3.3551
3.81886
3.25864
2.75961
3.69518
2.95984
4.82397
4.65578
4.40207
3.3373
2.2628
3.1089
6.1702
3.7296
3.41736
3.82843
5.09445
3.5914
4.03991
4.22069
5.30349
4.53722
4.08278
4.31704
3.85443
5.16064
3.1208
4.22313
4.81945
4.08182
3.196
3.81205
3.74902
2.55211
2.92047
4.40215
3.04513
2.66319
3.31587
4.93928
3.10356
5.13118
4.9878
4.36454
3.86648
4.2499
4.33764
4.50422
5.08943
3.2564
3.45618
4.62923
4.63103
4.15875
4.5687
2.34349
3.82377
3.6072
3.10856
3.97184
3.36804
5.11533
3.83902
7.20888
4.10453
3.78963
3.91183
3.71106
4.20198
3.72626
3.94076
4.02052
2.9046
4.36157
5.19812
3.92493
2.74524
3.11327
3.7516
3.85741
4.29583
3.9847
3.41734
5.19594
3.36073
2.65663
4.87548
4.74505
4.42821
2.81711
4.17981
4.29087
4.53998
4.96093
3.82883
2.97156
5.87077
1.6
4.32248
2.82385
4.67632
3.83872
3.61433
4.40456
4.37741
4.89234
3.46413
4.82978
2.22702
3.85628
4.5025
4.04495
3.55633
4.25175
4.41559
4.80419
5.01095
2.71379
2.03045
2.80042
4.5767
5.4969
4.60619
2.89442
4.55168
4.22065
5.44653
4.81429
3.12287
3.95302
3.8997
3.61004
3.91264
3.2231
4.88308
3.1632
4.70356
5.23883
3.31897
4.73247
4.7954
1.83109
4.97288
3.62752
4.2565
2.05022
4.05977
3.73234
4.68793
3.79432
3.2038
2.8798
4.74237
3.21058
3.59858
4.8104
4.71085
4.44792
2.58439
3.70861
2.97534
5.00777
4.00965
4.79327
4.54935
4.93638
3.97171
3.71813
5.38201
4.12807
2.48897
4.40425
5.05423
3.77763
2.13865
5.36067
4.55661
4.41028
4.16982
3.92471
3.51447
5.24242
2.78086
3.59023
5.7797
3.23615
3.70937
4.63169
3.12409
4.35653
4.55095
5.60192
2.991
3.58427
3.37436
4.91009
4.67956
6.36178
4.03113
2.58399
2.65226
3.6953
4.39986
4.41292
2.91169
3.46814
5.99868
5.59982
5.351
3.20972
4.83047
4.87912
4.93277
4.72645
3.39688
4.53203
4.39157
3.47527
5.65988
3.94865
5.16644
3.40443
4.06122
4.28669
4.01747
3.5578
5.01731
4.55252
1.94515
2.57831
4.49025
5.39977
5.22398
1.71429
2.3685
3.78507
2.28362
4.18389
5.69269
5.11196
4.22031
3.96724
3.93809
4.21725
3.64275
2.74867
5.13954
4.13198
4.37453
2.99041
4.2109
4.82586
3.99367
3.05867
4.19351
2.69528
3.29505
5.30588
3.86176
4.47157
3.26727
4.35829
2.72249
4.80252
2.48622
3.37519
3.77755
2.60241
2.24308
3.21791
2.94186
4.4469
2.7021
3.7588
2.69383
5.29541
3.44278
5.23522
3.37099
4.29072
4.85704
4.01657
3.60201
4.6095
5.13927
4.89889
4.63757
5.21501
3.95087
6.2725
3.56458
5.80272
4.81664
3.74141
2.46396
5.18264
4.29584
4.0476
2.85843
3.19713
3.79664
3.82624
3.60733
3.37444
2.53854
4.89701
3.86877
4.13979
3.77604
4.50657
4.47296
2.69153
5.04997
4.44664
3.01893
3.32824
3.93998
5.15335
4.80518
4.46871
4.61092
5.13304
3.76382
5.64534
3.69873
4.96565
2.70376
2.96423
3.51773
4.24803
5.47487
3.37636
2.38659
4.16227
5.22998
4.37098
2.43298
3.46547
2.05639
3.972
5.32079
3.79114
4.38536
3.52057
4.11631
3.49591
6.14744
3.88676
4.26295
3.64474
4.45884
2.33189
3.34065
4.09773
3.48326
4.92267
4.72381
4.72228
3.99342
5.75799
3.4001
3.9375
4.10008
4.05285
2.72523
3.65303
5.56755
3.94959
4.11808
4.28983
3.49169
5.32553
3.6764
3.43358
3.48853
5.98519
3.15259
3.73953
3.7053
3.26788
4.48473
3.18258
4.94895
5.16202
3.92396
4.50804
4.05024
4.57538
2.29856
2.95769
4.89176
6.26952
3.0537
3.56832
4.42759
3.5807
4.01735
4.04506
4.91101
3.96154
6.06964
3.15689
4.25031
2.93007
4.66294
5.32903
3.44557
4.24808
3.49255
4.66305
4.39094
4.66047
2.62063
3.99225
4.63084
4.14853
3.91288
5.85092
4.44545
4.64509
3.60732
3.75005
3.10252
3.77503
5.15225
6.77171
5.20122
3.0205
3.00045
4.0985
5.65537
3.72527
2.73397
4.9678
3.78917
4.6092
4.57875
2.01771
5.41709
4.27771
3.69978
4.87164
4.92449
4.54919
4.05022
3.33689
3.18047
4.31408
4.74988
6.19195
4.68274
2.63538
4.33757
3.53799
1.4352
4.58881
4.90229
4.72401
4.17536
3.24715
4.35195
3.70308
4.78054
4.73207
3.78323
3.04251
2.30271
4.39445
3.68994
5.73173
2.20559
4.05997
3.97669
2.22196
5.30965
4.14506
2.67868
4.40821
3.03104
4.57376
3.95066
3.9112
2.94358
4.45425
4.56177
3.08495
3.44674
2.55063
3.03323
4.67485
4.43506
3.62679
2.96114
2.88623
5.2032
3.89156
4.68732
2.83052
3.6797
2.74865
3.39011
2.71788
3.87384
5.46793
4.74365
3.39055
3.84073
4.28162
4.13335
5.03132
3.29149
2.55669
2.63107
3.59959
3.60873
6.20743
2.88316
4.2409
4.54651
2.18954
3.03267
4.70556
4.18766
2.59448
6.01222
4.8025
3.2853
3.31905
3.28612
3.88995
4.18837
5.0188
3.41483
2.99494
1.74516
2.58262
5.65087
4.0299
3.41455
4.27405
3.68951
3.76861
3.02184
5.65508
2.20546
5.17082
3.7317
4.39336
1.85066
4.88435
5.55808
2.82148
2.34393
5.67333
4.58418
3.85443
4.73776
3.29842
4.45236
4.68308
4.73883
2.97339
5.04381
4.08507
6.84024
3.9437
4.29906
4.37232
4.32683
3.37488
3.93217
3.5624
4.19968
4.24795
3.32797
4.49116
2.65512
3.87611
3.50541
2.93081
4.31162
4.56875
3.60987
5.15685
4.81709
2.48392
5.73052
5.4531
3.48896
2.49742
2.8934
4.21557
3.24645
6.59819
2.43328
2.35789
4.54665
3.65892
4.13946
2.79758
4.95134
4.73784
6.12377
4.65173
5.89926
3.25706
4.19361
2.62726
3.71317
2.77176
2.40902
5.10004
3.96503
5.41312
5.65196
6.26513
4.31938
2.7982
5.81922
6.75277
5.22102
4.50258
2.33018
2.47839
6.09756
3.40558
5.1548
5.76393
2.33948
4.30404
4.99757
2.90198
3.05299
3.30945
4.75909
4.84031
2.44261
4.06906
3.27412
2.17276
4.79665
3.42875
4.14993
3.63916
3.32627
4.13402
2.50162
2.72869
3.51972
5.65558
4.71119
5.45679
3.88914
4.76146
4.21828
4.45816
5.7028
3.56945
5.91409
5.07009
4.44442
3.57296
3.19545
4.56084
2.74507
3.38605
4.30987
2.98762
3.89109
4.25173
4.62337
2.31861
4.87964
5.01219
5.14661
3.03213
4.9267
3.53883
4.2161
4.02823
3.39463
2.57728
3.43898
4.29536
4.60708
5.87164
6.20715
3.28881
3.10302
4.99898
4.01576
2.39306
3.65332
5.41356
2.94152
3.42003
4.59668
4.20747
4.69081
3.5524
2.09638
4.17343
4.61712
2.04541
5.25166
4.57322
3.44266
4.21776
4.56942
4.03833
4.65666
4.18259
5.43641
5.13219
4.44399
4.82695
3.29749
4.76453
4.74213
3.43996
5.09925
5.63811
6.56194
3.21746
4.63672
3.94893
2.72515
5.75544
4.25
2.14128
3.41818
4.63622
4.44422
4.70966
2.50967
4.4209
2.13785
3.27425
4.10828
3.78111
3.41776
4.46225
3.70167
1.34369
2.08022
4.44297
2.6897
3.68527
3.31463
4.09748
5.72082
3.96737
5.04495
2.99317
4.48763
3.52249
5.64485
3.91076
5.04118
3.77677
4.98649
3.526
4.93784
4.98616
4.44429
3.82555
4.17395
3.69864
4.62757
2.21776
2.94657
3.75048
4.01934
3.19375
5.32778
3.25678
3.71124
4.81544
3.53287
2.06798
2.97324
4.94964
4.17676
5.06245
2.13491
2.68466
4.7886
4.27365
5.98705
4.22729
3.82378
5.91588
3.7427
3.70458
4.56363
3.35515
3.43463
3.80984
3.85611
4.35658
3.17608
4.04155
4.029
3.39933
4.09772
4.37837
4.85025
2.79819
4.57029
3.09213
2.41952
5.8538
2.79756
5.80515
4.02693
3.80469
4.51277
2.8815
3.5966
3.6379
2.34196
4.24798
6.4043
3.0274
5.73918
2.62958
4.60587
3.00832
4.07717
4.11513
2.57014
3.54704
2.03424
4.62434
4.74562
2.94934
4.98304
4.44587
3.65094
4.7829
3.86076
3.76306
3.35849
2.36124
3.50326
3.73398
2.24804
4.16971
3.35145
3.32658
3.00735
5.38333
4.83233
1.87095
3.80106
4.58836
4.7389
4.75353
3.86396
2.95209
3.2996
2.57169
4.55674
5.08477
2.30467
2.55829
1.92396
3.09314
4.673
4.00814
3.73884
2.74316
4.94303
3.57508
4.68137
2.92615
3.80782
3.9463
3.29888
3.04778
3.09842
3.4216
5.01062
2.23986
5.18334
5.51371
3.88997
2.99518
3.58154
2.54493
1.42801
3.48944
4.24337
6.40542
3.66966
2.97498
2.06808
3.4354
3.84026
5.44298
4.60149
3.49373
4.3162
3.02322
4.00814
5.44709
5.31444
4.273
4.85813
4.77788
4.12081
4.45834
5.45561
4.41496
4.81684
3.12884
5.12584
3.89835
3.66776
4.62583
5.9754
3.48669
5.80915
3.33407
5.41573
4.41447
4.84127
5.73643
4.17785
3.15271
4.21144
4.21285
2.61068
4.57246
4.84195
3.09005
4.47148
4.76026
2.9302
3.61185
2.82457
2.90715
2.84732
2.75386
5.25074
4.16054
3.69072
4.3743
3.77884
5.54007
2.83567
5.96252
4.53366
5.50774
3.25492
4.748
3.92429
4.58712
4.60343
5.10453
4.3002
4.77664
4.45963
3.03503
2.54542
2.51996
1.99813
4.10971
4.03409
2.76652
4.32026
3.88757
4.11324
3.66358
3.84711
4.44258
2.3887
2.63257
3.70219
3.54848
4.48071
4.75943
3.76953
4.92584
4.83243
5.13722
4.23957
4.04077
3.24703
3.5398
3.28143
4.12096
2.60939
3.01769
1.9944
3.01372
5.28634
3.12346
3.17776
4.13561
3.83447
3.97671
3.81897
2.43394
4.7692
4.14854
3.44331
3.41828
3.8492
5.72349
5.04177
0.821305
3.60504
4.07519
5.69314
4.62765
4.45962
2.91697
4.99032
5.06821
1.56547
2.40549
4.87599
1.76143
4.3985
5.42539
3.68192
2.94214
3.41982
5.24944
3.19681
4.75088
3.36114
3.34003
4.49832
3.17522
4.6828
2.18943
2.85435
4.18657
4.667
4.12563
4.74363
4.14183
4.67278
3.63206
4.17317
4.33581
4.91058
4.61477
3.86122
3.45059
3.99604
6.00956
3.25116
3.29145
4.77646
3.14141
4.55408
4.11718
3.61294
3.70581
3.6015
5.27913
3.24221
4.39837
4.56308
3.56449
3.82938
5.18884
4.40518
1.64424
5.02497
4.13173
4.56338
3.52476
4.44443
6.0857
2.86961
3.46757
5.1754
2.91709
5.01398
3.52187
3.79235
4.12461
3.91717
5.76408
4.00398
4.67823
4.08437
3.90613
1.69364
5.0887
2.70747
3.49741
5.4369
4.41949
5.36604
5.07039
0.562397
2.67333
4.80709
3.22825
5.30826
3.80872
5.32057
5.18274
5.75849
2.16108
5.44052
5.07942
3.00124
4.22991
4.35663
3.90895
5.19422
4.44556
4.33178
4.99041
5.36146
3.85962
2.70571
4.47793
4.72906
3.77811
4.73928
4.23536
4.59061
3.40552
4.01916
2.99123
4.43331
3.79338
5.62909
5.12149
2.07406
3.74218
2.89762
4.4073
3.90203
1.91579
4.61821
3.18783
4.98862
3.8558
3.78815
4.09679
4.86016
3.6997
3.87321
3.00728
3.16209
4.32087
3.37092
2.48732
2.84113
2.01962
3.20888
5.1924
5.48905
3.49242
4.78468
3.76922
2.00943
5.30053
3.53987
5.12053
4.0652
4.17366
4.20269
3.42165
2.88581
3.95493
1.82257
5.36463
6.00595
5.12628
3.65896
4.24774
3.11502
5.62016
4.60382
3.57865
3.62684
3.87933
5.10476
1.51815
3.54789
4.4266
3.37684
3.45136
2.7566
3.63241
4.00449
4.65602
4.94615
3.89896
3.23348
3.08676
4.60513
4.11005
3.67821
3.97509
4.64308
3.05294
3.71796
3.91975
5.01418
5.50054
4.73521
5.51104
3.19758
4.21058
5.17686
4.15297
3.86624
1.99062
4.22042
2.21806
2.7706
4.48275
3.91625
4.35298
3.20657
3.61164
3.10409
3.14165
3.10387
2.98626
3.77484
3.09998
3.85552
3.82587
4.18269
4.98777
5.03216
1.62667
4.15926
3.54057
3.72297
4.7473
4.72742
4.15231
4.48667
3.74703
3.7712
5.10518
2.25521
3.50248
4.45729
6.5407
3.65484
3.66507
1.64362
4.18316
4.80395
2.41297
4.2316
2.82913
3.76231
4.18444
5.53656
4.60735
5.13574
4.40342
4.3516
4.8858
5.04717
2.7381
4.73696
3.08169
2.76115
3.74664
3.26379
3.7817
4.34648
4.60105
4.25421
3.30423
3.63795
3.49125
3.6054
5.88322
5.2728
4.95925
4.60725
2.4316
4.17799
2.32299
3.88006
5.30154
4.47271
3.75608
7.68799
4.39957
3.47463
3.42665
3.45541
3.22318
5.51138
4.25375
3.70857
4.18473
5.11974
3.96531
4.0505
3.32477
4.32227
2.29551
5.50602
3.9337
4.95917
3.80769
2.9966
4.66869
2.80682
4.55547
6.45261
2.97566
5.4392
4.12186
3.77832
5.02317
4.14004
2.92387
4.72591
5.01384
4.28741
5.32209
4.35559
3.7482
4.48847
4.18045
3.08031
2.33411
5.67473
3.48428
4.32616
3.64682
2.8141
4.9305
4.73594
6.22855
5.36728
4.84538
3.94041
4.76108
4.94419
2.94024
3.9883
3.64336
3.78149
3.54812
3.86969
4.34681
4.26626
3.53137
4.51248
4.91541
5.21907
4.30794
2.91447
4.59044
4.28852
3.51504
2.21089
4.7147
2.77667
3.89637
4.59978
5.28378
5.38677
3.36683
2.86855
4.69224
2.41129
4.76145
4.04195
4.60301
4.38715
2.45218
3.86195
3.8005
3.70809
4.265
3.49316
6.49311
4.1643
4.22564
4.5246
6.37223
5.05059
2.82659
4.88327
4.39238
3.56089
5.38611
3.14714
3.73955
5.15984
2.46901
5.14545
3.62306
2.24922
3.08958
3.72929
2.79917
3.14453
2.51218
5.14755
3.92942
2.93287
3.53908
4.94086
3.10521
3.95876
5.35481
5.55072
3.68378
5.1631
4.52214
5.0237
4.51927
4.19586
4.16429
3.58318
4.92773
2.65928
4.20031
4.17907
2.23528
6.10231
2.19878
3.74953
4.3601
3.75187
4.25102
3.46658
2.31528
2.57703
3.91164
3.75418
5.12815
2.41076
4.15133
1.92187
5.23571
4.34051
3.35776
2.08498
3.97127
4.70867
3.11464
4.47446
4.26677
4.22915
6.25062
4.59321
2.08734
4.2062
1.80654
5.25943
3.67195
4.89119
3.79317
4.84263
4.99672
4.31572
4.39004
3.52675
5.03723
3.98948
3.18185
3.8316
4.3299
3.64508
3.68459
3.76075
4.08004
4.53867
3.38708
3.29081
3.40929
5.16355
4.79042
2.71446
3.78725
4.27327
3.28298
4.78881
4.46666
5.0578
5.33803
3.2957
3.77542
6.06032
4.80123
4.51264
4.35148
3.44604
5.89448
3.9028
4.06948
4.45878
4.21858
3.62408
2.5488
4.16503
3.34282
2.9203
3.14811
6.49382
3.66526
3.69671
3.57694
5.06589
1.72508
3.25833
4.9861
3.22217
2.914
4.81282
3.76323
4.32313
3.11851
4.97458
4.50994
3.66425
3.09211
2.18004
4.1982
5.51469
2.21681
3.3824
4.37007
4.87721
4.65949
4.39968
5.7492
3.19693
4.14761
2.78387
5.19743
2.95938
2.91719
5.78501
3.48854
5.24967
3.93217
2.13814
4.26041
2.70305
4.42568
5.01108
3.1886
4.68804
5.02816
3.27669
4.44364
4.89905
3.40598
4.62144
5.60218
5.1234
4.17071
2.76733
2.64394
4.76413
4.25148
4.83737
3.86153
3.31849
4.993
3.73553
4.34621
3.78462
3.44771
3.42137
4.61964
4.49464
3.82456
3.22226
5.36361
2.87235
5.59831
4.58331
5.32966
5.57724
1.74197
4.02805
4.69642
4.71867
4.66394
2.87739
3.54955
2.55232
3.31408
4.46591
3.35698
2.944
4.83816
4.13687
5.41684
3.48465
4.89954
3.86822
4.27078
3.85734
4.20803
3.27278
3.92995
4.86717
3.415
5.16441
3.55923
3.23948
3.61542
3.45308
5.16226
3.84087
2.69036
4.38199
3.30992
2.64301
3.90535
3.01579
2.65435
4.31615
4.18094
3.11765
4.69898
4.61383
5.86549
3.70386
6.99553
4.74307
2.52858
4.41904
4.43608
6.06188
3.61051
2.38069
4.07036
3.23529
4.73412
2.57947
3.57845
4.3662
5.71171
5.75854
3.15605
1.05551
4.96706
3.01269
4.42079
4.2495
4.55524
2.73624
4.34971
4.76853
4.6342
2.346
4.8451
2.79483
4.53736
2.80249
5.5934
5.09822
3.10855
2.55065
5.76721
3.04944
3.86631
3.39605
3.21001
3.6307
3.67201
4.57923
5.03101
3.17917
4.49865
4.51652
3.73872
4.55001
5.58056
3.97563
3.51459
4.24182
3.0669
2.84114
5.59462
1.52848
4.0319
4.97177
2.21303
2.88944
4.13002
4.528
4.16462
4.13222
3.24962
4.11916
3.21165
4.9663
3.57502
4.32216
5.23241
3.63629
3.32939
3.40538
4.45468
3.34419
3.32033
4.88361
5.01142
4.64902
3.34541
3.79446
4.13381
4.4393
3.46608
4.15811
5.52154
5.17367
2.85543
3.84778
3.91115
5.56224
3.69157
5.25312
2.94349
4.11357
2.49257
4.2504
3.08467
3.42291
2.40818
2.91562
3.74538
3.97783
4.32203
2.39145
5.2249
2.66188
2.61967
5.0681
4.67956
3.63279
3.91433
4.96572
2.97185
4.31282
4.36021
5.7055
3.19084
3.29635
3.04923
4.98359
3.91558
6.64602
2.56329
1.61449
4.55261
4.00173
3.61736
4.59026
4.65653
4.66088
3.94111
2.45253
3.54803
3.55487
5.92059
5.11692
3.05503
4.01031
4.95955
2.85666
1.97348
2.94889
5.18868
5.13893
4.18985
6.24323
3.92038
3.41823
4.94313
4.3554
3.94961
3.88379
2.5879
3.7575
4.5659
3.95604
3.42904
3.84259
2.39252
3.65091
4.36501
2.59087
1.79519
3.97942
2.50753
1.37759
4.36077
4.71219
3.38218
2.64889
5.34297
4.06558
5.05306
4.89656
4.13222
2.90124
4.90571
3.20195
4.50379
4.13655
3.6198
4.43343
4.95397
3.28407
3.52892
4.86399
3.60912
5.04947
4.29236
4.6107
3.22194
5.45738
3.95833
3.46528
4.29632
1.9559
3.5215
3.48697
4.89769
4.20751
2.64345
2.98776
3.909
4.30515
4.02335
4.05093
6.4419
5.38972
1.62521
2.44877
4.28662
3.24704
4.49507
4.46469
4.84323
5.08524
4.46296
2.20623
3.65381
3.73365
3.99693
2.8225
3.36927
3.25441
3.79089
4.66615
5.48149
3.80804
2.99588
2.85713
3.64792
3.54325
6.43021
3.54108
4.35925
5.22474
4.1634
4.52025
4.37054
2.96759
2.1814
4.97837
4.45289
5.03254
1.78082
3.20159
5.79544
5.91937
2.4581
3.56226
5.61779
3.00911
2.70057
3.48779
4.08264
4.03764
4.44197
2.13631
4.57791
4.7135
3.41358
4.2753
4.53811
4.46129
2.93668
4.00296
3.53505
5.14707
5.57792
3.56572
3.01541
4.65075
1.8941
4.56979
2.17407
2.71908
3.92392
4.57782
3.9574
5.78819
3.01363
3.08981
3.15719
3.49006
2.1277
5.28994
3.05592
4.04768
4.15006
3.43562
4.65568
5.05462
4.34643
3.60826
3.93693
3.7498
5.75733
3.29991
2.6283
2.34698
3.6523
2.8722
2.97648
1.74332
4.37883
2.79253
3.84981
4.19336
4.15584
3.25942
4.64335
3.4104
3.41228
4.36797
2.98729
3.39532
3.46044
3.06209
4.13397
2.70881
3.46613
4.07312
2.34737
3.08305
3.56703
3.61852
2.88566
4.57058
3.65371
5.19585
4.9959
5.60842
4.13009
3.79076
2.96584
2.97371
6.3184
5.37142
3.21686
3.97249
4.18937
5.3958
4.67108
4.69164
2.68193
4.11303
4.62789
4.19344
5.81259
4.58818
6.18815
3.87231
4.57989
4.20658
4.06946
5.95565
2.23199
6.14619
5.72821
3.12931
4.77291
4.6295
4.22298
4.65
4.10259
2.19626
4.85909
4.39636
4.32943
4.87147
4.90849
4.35104
4.75984
4.16906
4.07452
6.17737
5.16343
5.33945
3.19628
3.71648
3.48192
2.30572
4.66111
5.15336
3.11208
2.63022
3.41556
4.83712
2.89684
2.83299
4.28999
4.82544
4.27933
2.51352
4.53473
4.60992
3.10687
3.11713
2.93926
5.16461
3.55622
3.04459
4.07651
4.85991
2.64793
2.13468
4.25124
3.46218
3.93796
3.40257
4.10601
3.33818
4.20896
4.13378
4.18308
4.4956
4.55239
2.95136
5.02865
3.25579
4.08858
3.64624
4.52687
2.49439
3.83659
4.23085
4.05179
6.51566
4.57126
5.08055
3.81434
3.80381
4.12972
3.88938
5.18407
3.87096
5.00082
3.00808
4.20002
2.45598
3.43722
3.38577
3.00464
3.18694
2.7488
4.00899
4.70318
4.69719
3.99629
3.75153
4.93692
5.8716
4.13265
7.49705
5.57388
3.06082
2.92265
4.23396
4.12252
3.64813
3.10011
4.27454
2.68527
4.54229
4.37081
4.15821
5.60686
3.06727
3.30236
4.29596
5.45699
3.47551
3.39934
3.77856
6.25746
2.40923
3.61358
5.62773
3.81988
3.61906
3.10346
5.12895
3.78039
3.65475
2.32868
3.96286
5.04627
3.73685
3.72623
5.5892
3.95767
2.27845
2.17932
4.06063
2.91411
3.62005
3.627
3.38859
3.7637
4.64418
3.52488
2.61098
5.8528
2.88329
3.35468
5.80205
3.97508
4.69309
4.37444
4.26885
4.16483
2.7374
3.67691
2.47372
4.50265
5.16611
3.96354
4.51518
5.44457
2.38924
5.63769
3.47188
5.00057
5.80122
3.47511
3.38279
4.30284
3.8392
5.78891
2.2155
3.17562
4.1721
4.35255
3.67321
4.07782
4.47975
5.20517
3.48523
4.36875
2.7185
3.69718
3.39663
2.84216
1.90543
5.24553
3.61898
2.40891
6.32095
4.52418
4.06096
4.85545
2.28356
4.49221
4.75695
3.12313
3.06976
2.72731
4.22041
4.00834
3.51816
5.49825
5.72537
5.50314
4.38773
4.59813
4.90212
4.37141
3.16675
4.72704
4.65835
3.80337
3.53915
3.88986
3.64042
3.76652
3.31547
3.95961
5.11889
4.17482
3.80872
1.93625
2.66018
4.44686
5.02313
3.54819
4.32665
2.76853
3.71304
3.58672
4.75263
3.61361
2.48843
5.16736
3.85677
4.90335
4.49762
3.45961
5.16096
5.4865
5.46744
4.08226
4.1357
3.12773
5.30192
4.4915
4.24324
3.43429
5.54128
3.94328
4.15029
4.01133
5.83682
3.88773
2.81059
4.76349
3.53403
4.80452
2.8529
4.34217
5.01974
2.89187
4.91901
4.94882
4.88149
4.76486
5.54065
4.58556
3.94308
4.25466
4.48026
2.50283
4.00526
3.84556
4.93012
3.37518
4.39913
3.64608
3.8465
3.44957
5.46332
2.68885
5.26532
3.97654
5.66825
4.46076
3.67092
4.04683
3.52789
5.07579
4.19009
4.59267
5.90505
4.42858
3.8381
4.31137
3.32869
4.88488
4.0544
4.58598
3.64439
3.68629
3.32436
3.89837
4.12109
3.20407
3.94938
3.56864
3.45671
3.35017
1.57043
4.46533
4.39801
3.32637
5.02678
2.57577
5.36984
2.81047
3.58288
5.03212
4.36649
3.94572
3.28601
2.85964
2.70355
4.94235
4.54826
2.22091
4.98548
4.17541
3.39774
4.35576
5.09824
4.14098
2.47203
4.2365
3.32882
4.00915
3.41117
3.52567
3.26074
4.02995
3.69457
2.02432
1.76932
3.84574
3.70918
3.36523
5.66057
4.23828
2.86568
4.13724
2.57756
5.06279
4.85196
3.74735
2.50943
4.76673
5.56487
2.89911
4.48635
4.27664
2.80383
4.04007
4.54359
3.47211
3.12251
2.8684
5.08386
4.11853
4.13651
3.78623
2.09908
5.18623
3.48025
5.77767
3.50435
3.43249
4.56747
3.80192
2.12403
3.25281
3.43385
2.93572
3.24936
4.23313
2.60397
3.75477
6.07249
3.87441
6.37378
3.35659
4.79595
3.58895
5.26399
4.70211
3.7664
2.54501
4.31251
4.67586
3.5967
3.07347
6.23178
3.55216
3.05118
2.53256
3.40796
4.01032
3.99269
3.39166
4.09016
4.01145
3.87064
2.64472
1.23886
4.42362
4.56402
3.1472
6.22441
1.9527
4.25143
2.74335
3.93646
4.39377
4.82393
5.86067
4.55058
3.62126
4.77504
3.70728
5.22
3.61736
4.93006
4.56082
2.66863
4.0897
3.74354
4.58723
1.82433
4.77809
5.73041
4.79424
3.00515
5.06503
4.32549
5.09165
3.4599
4.04321
4.06632
5.17612
4.1298
4.67148
4.03517
3.51323
3.69348
4.96837
4.67161
5.26879
3.70141
4.06629
4.26707
3.17171
5.27565
2.98585
3.73536
3.82662
4.61985
3.29186
3.33655
4.18063
5.21775
4.20058
5.19191
5.50897
3.91717
3.42642
5.2841
3.0175
3.5387
2.06631
2.4566
5.10532
5.03771
5.12361
3.6053
4.34396
4.40383
4.69912
4.43399
4.0078
4.25204
5.1009
3.60057
4.55404
3.21571
4.71024
3.5322
2.41705
2.94272
4.23809
3.31169
4.51369
5.09524
4.76875
3.92143
3.94932
3.92475
5.18579
3.9327
4.04052
4.73614
3.71619
4.67966
2.99833
2.1352
3.76773
3.3258
2.62426
2.80028
2.80306
3.98415
2.79564
3.39927
3.56422
4.18408
4.83949
3.44591
3.11333
5.34386
2.45081
4.7499
4.37654
2.90848
3.81705
4.07505
3.73727
3.68662
2.89412
4.97759
3.86385
4.33065
3.1006
3.84086
5.39701
4.63869
2.97742
4.51874
5.62336
5.12519
4.24032
3.6744
4.81203
4.1155
5.82656
3.64193
4.00283
3.61189
4.16803
3.79085
3.83662
4.87024
4.38046
4.42597
2.63194
2.30256
3.55878
3.31051
4.27669
4.18126
4.52583
4.58498
5.0978
4.18557
6.10854
4.78932
4.07234
2.89054
4.64607
2.96121
3.563
2.81997
3.72136
5.08395
4.82335
2.10884
3.51942
4.49937
3.33948
4.14825
5.58857
3.32031
4.2081
5.28248
4.36157
5.41386
2.31554
4.42932
3.12862
4.9385
3.54235
3.91184
4.50402
4.99544
4.72549
5.18579
5.17323
5.45318
4.27315
4.51083
2.786
3.91157
5.63266
4.62972
3.22361
2.72212
3.51826
3.81797
4.37068
4.15626
2.47281
3.4747
3.30328
4.50444
4.37799
3.99768
3.33478
4.20816
5.75024
4.90205
4.08422
2.95703
2.69883
3.70486
5.20259
4.31408
4.57584
4.17403
4.59348
3.38424
5.17748
3.65365
2.45183
4.57388
3.44503
3.387
4.0497
4.17247
4.88033
5.01409
4.0531
1.79423
3.44667
4.26572
4.68881
5.03973
4.10872
4.72991
4.26016
4.03868
4.22862
3.38645
4.87756
3.01354
4.56187
4.87311
5.63179
3.3736
3.99448
4.55546
4.1161
3.59694
4.31986
6.5333
4.03292
3.08224
3.32117
4.92148
4.42422
4.96605
5.68621
4.6458
4.91728
2.65
3.50884
4.08857
2.36922
3.60049
2.85329
4.23269
3.46373
5.21939
4.17182
5.64668
3.46732
3.1163
2.42282
1.86467
4.3375
3.80299
5.50983
2.63299
4.92236
3.95825
3.60254
3.52894
2.89007
5.00193
4.5615
4.86225
4.46794
6.20278
2.78997
3.13747
3.13078
3.43874
4.52223
4.27079
3.85789
2.29317
3.85225
4.94467
3.48328
5.50575
4.73114
5.22286
4.20605
4.35793
3.98036
2.96258
5.17519
4.61935
4.70808
5.53256
4.60551
4.78142
4.56106
3.16723
5.1141
4.38085
5.12645
2.95235
4.02766
5.39083
4.20851
1.74605
2.62414
2.9335
5.48109
5.18139
7.47821
5.33883
3.22067
4.45676
5.50086
4.6171
3.63418
5.34757
5.03475
4.52972
4.56653
2.73326
4.71494
4.0144
4.21231
5.94111
4.42764
5.26008
4.31031
3.50882
6.00062
4.88947
5.23852
2.55829
4.36834
3.70785
4.18451
2.01463
4.19644
4.67469
6.26349
4.87131
4.48268
2.28597
4.74651
5.38456
2.91607
2.91815
4.46471
3.24909
4.70033
2.80819
3.60912
4.96503
2.89776
4.21582
3.71609
3.92265
3.28279
3.69361
3.49736
4.07735
4.91126
3.33236
3.95832
4.18256
4.55054
3.67864
4.02374
2.55781
3.03506
3.96371
5.57769
1.72139
3.79325
3.97358
2.53655
3.62738
4.60601
5.06348
2.0948
3.25903
4.63393
4.21838
6.10316
4.23365
3.9157
3.62673
6.51135
6.00991
3.8387
3.21778
2.02916
4.05479
4.04926
5.53551
5.34473
4.86695
2.88373
3.89111
2.24847
3.00108
3.79482
5.51544
2.61933
3.55491
3.91337
4.77373
3.11055
2.81385
2.96327
2.23181
3.99225
5.1877
3.94535
3.99161
6.50957
1.8178
4.71404
2.10587
3.02052
4.28319
4.56212
3.29158
4.02272
2.9784
4.13364
5.55847
5.18079
4.17275
2.84862
4.60247
2.7164
3.94904
2.78796
3.19675
4.88788
4.86293
4.88761
4.79851
2.75584
3.45634
3.7849
3.54903
4.05318
5.95166
4.38747
6.2741
4.14162
2.66658
5.84683
5.55005
2.65526
3.22967
3.65351
3.23925
4.52659
4.49682
4.78678
5.22836
3.70101
6.48381
4.67126
4.85313
2.13664
4.00081
5.39428
2.5139
4.08858
4.73956
3.91056
5.64402
4.47031
4.83433
4.26209
3.96032
4.75687
4.61054
3.90968
4.64056
4.05197
3.43236
3.32844
4.00208
0.905521
4.29795
4.56321
3.88621
4.71034
3.63856
4.57636
3.29424
2.95186
3.97534
4.67025
5.77824
3.40247
1.21505
4.12378
3.83585
2.69242
2.99193
4.59131
3.2257
3.91749
2.28483
3.54088
4.77347
2.81508
5.03908
3.98775
3.77946
4.85222
3.58276
3.49722
2.42809
2.78417
4.69247
4.71254
4.07596
4.63831
3.28788
5.71242
3.20563
3.29039
4.30646
4.0499
3.42276
3.28897
4.50576
3.99489
2.36848
4.64953
5.13676
3.3774
3.64263
2.94125
4.77191
4.79428
4.13828
3.38748
4.30349
3.92291
5.04096
3.52611
4.77454
4.78196
4.50914
4.64781
3.98667
7.40421
2.82658
4.00552
6.38307
2.78995
6.29769
2.20722
4.16817
3.17232
5.02638
3.805
2.41271
3.29432
5.30346
3.92683
4.97285
3.88275
5.44086
3.41028
5.86985
3.74103
3.03425
4.49471
5.01358
4.80583
3.652
4.41123
3.6343
2.59534
3.76653
2.84829
4.76285
3.42348
5.16407
3.51742
4.63576
4.77484
2.98957
3.55845
4.56106
1.88428
3.53256
5.59345
3.85656
3.16762
4.89005
4.46777
4.09989
5.01041
2.72316
3.56489
6.16013
4.18697
2.97626
4.13802
3.85454
3.34489
4.81072
3.57225
4.67231
3.60696
3.47423
4.12036
4.19138
3.26958
3.92911
3.10005
3.60216
2.8962
5.61118
2.8126
4.14664
3.54058
4.43333
3.69556
2.66261
2.13339
3.35578
3.6525
5.43323
4.79959
5.90558
4.3898
3.29945
4.60522
3.66918
4.20159
7.07183
3.51116
4.60277
3.00329
4.17448
3.27386
4.73686
4.79379
3.21354
4.34355
3.47603
2.82415
3.23593
4.79859
3.61574
3.7072
5.29693
3.13302
2.70556
3.80215
3.84535
3.36638
2.94916
4.21581
5.01426
4.81579
4.18053
2.18722
2.86588
2.4301
3.54152
5.14565
4.63836
5.06155
4.98537
4.22072
3.94801
4.83229
3.12516
2.1818
2.81357
3.3738
6.2486
4.27757
1.96831
3.14527
6.91565
2.61157
4.03573
4.20888
3.84757
4.60293
3.26439
4.00014
5.06205
3.96089
5.38108
6.20513
5.38536
3.80421
4.48162
4.83803
3.2039
5.2834
2.9186
2.69468
5.68094
4.43666
3.79085
3.89509
6.02993
4.36081
6.59422
3.25767
4.87894
4.24464
1.75483
4.30148
2.66533
4.55006
4.5658
3.75003
2.08496
4.08624
3.91395
3.30256
1.63477
2.60969
4.6923
4.97928
2.40474
3.64533
4.41103
0.98524
3.20813
1.82585
4.05534
3.96808
2.96621
4.68438
4.4116
3.9479
3.05073
4.16681
4.35901
4.79184
3.08984
4.34397
1.88807
2.47343
3.56262
5.37391
3.14211
3.15385
4.77112
3.83848
5.76818
4.18916
4.01247
3.28502
4.48407
4.50053
4.22935
4.01259
3.81308
3.08374
2.37353
4.99101
3.98303
5.46021
4.25426
3.22429
3.60373
3.34484
4.32322
4.20693
5.0079
4.33901
4.92316
3.25048
5.204
3.56424
3.19593
3.86779
5.44433
4.5851
5.01705
3.98208
4.29935
4.55528
6.08456
5.61278
5.26137
3.17377
3.97665
3.05825
3.06677
2.0091
3.75517
4.53025
4.44267
3.88079
2.81185
3.90793
4.78948
4.31029
3.09407
3.79694
5.57144
4.14334
5.18693
3.09679
3.03404
3.99931
3.68144
3.23164
5.57907
4.20624
3.02754
4.53989
5.20941
2.60509
5.1868
3.71998
2.31278
2.34372
3.35041
5.1885
2.01961
4.92547
1.41523
4.5713
5.70314
4.61051
3.32412
3.06479
5.14514
4.057
5.45936
4.60597
2.92017
6.53345
3.45789
3.97453
5.02718
2.89354
3.39055
4.62246
4.12438
4.42869
4.95059
5.01395
2.20998
4.5717
3.74953
3.66037
2.89914
4.10205
4.32549
4.30879
3.59557
4.85913
4.91894
4.46757
2.90139
3.44469
4.78654
5.76396
3.0792
3.43122
3.83118
4.49588
4.94849
4.34688
2.98971
3.1445
3.79613
4.38506
2.90331
3.85264
3.73407
3.80108
4.4341
5.19744
4.25986
4.10825
4.29938
5.58982
3.25536
2.70241
4.52871
3.27297
3.98297
4.3594
4.60726
2.95101
4.48691
4.10605
5.08823
4.55317
4.1447
3.99667
3.76782
4.24208
2.55894
1.97885
1.9199
5.05479
2.26696
2.44347
5.78747
3.14035
4.3854
3.05277
3.08795
3.33193
5.94376
4.08683
2.78969
2.63453
2.40498
4.58081
2.99157
2.88179
3.11164
4.17435
5.98539
5.47608
3.8109
2.72082
5.0333
2.94401
4.33505
4.84604
5.56012
2.99647
4.28884
4.14062
5.37415
3.4037
3.67289
3.28442
4.09257
4.15474
4.67563
3.8195
4.94297
4.42075
5.5872
3.37663
4.32512
3.52855
3.87533
3.5868
4.27498
4.31547
5.49719
3.9491
5.47152
3.23598
5.32901
4.07555
5.774
6.12143
4.45684
4.21004
2.19039
4.6143
3.19355
5.17068
4.34973
3.07818
4.36646
4.35599
1.90691
1.74313
4.67611
4.18397
4.10479
4.45854
4.9845
6.01631
5.90902
3.76036
3.94051
5.90082
4.10396
2.92289
5.35115
4.24674
5.23376
4.95064
2.96724
4.97909
3.56198
2.94246
4.47573
4.40417
4.95954
3.62806
4.71884
3.14368
2.81779
4.24524
2.44062
4.41233
3.38073
3.81713
4.91608
3.92623
2.32459
2.95418
3.5475
4.76959
3.56104
4.3638
3.45759
4.2348
3.68963
4.69492
2.64788
4.11323
3.46246
4.61401
3.00062
5.66139
2.73949
4.81861
4.59308
5.76029
4.6855
2.64327
4.16383
3.34705
2.43265
3.68858
2.54071
4.03463
4.58962
4.74372
2.9256
4.00903
6.04024
3.20478
3.78708
4.88854
2.21388
4.62474
4.48121
4.78698
3.84027
3.32206
3.49915
2.61467
4.53888
4.53651
3.75839
5.77405
4.53626
5.24166
3.5658
5.14423
3.88204
4.64343
4.27144
3.29311
4.51657
4.04641
2.81197
3.8161
3.48198
3.28485
3.43903
3.11599
3.94649
3.04397
3.85027
4.14673
5.21791
4.30349
3.87993
5.60544
3.6382
3.43603
3.18564
5.42181
3.51056
3.51226
5.18996
5.67518
5.70847
4.41378
1.37952
3.66675
3.85966
1.94646
4.33379
3.55313
2.32284
4.25538
3.57532
5.41328
3.80311
4.83928
2.57077
5.47758
5.41938
4.24207
3.36172
2.5716
5.98058
4.67688
3.92297
4.81686
4.22273
3.84962
4.6359
4.3291
2.56049
6.10746
3.80876
4.92495
4.53484
3.92955
5.07241
3.49931
4.12632
5.02359
3.57896
3.47127
4.38795
5.11004
3.87656
2.67022
3.15123
5.20999
3.76783
3.1084
4.01713
4.65357
2.54943
3.074
3.41524
5.27984
3.62861
3.54635
4.31788
3.92671
4.29695
2.11309
2.12783
3.71395
5.47957
3.47758
4.68532
4.28935
3.94271
3.25373
2.58844
2.79499
3.79067
2.42862
4.19557
3.2124
4.44105
2.19524
2.68778
4.98406
3.46349
3.15366
4.26182
5.31649
3.16299
4.03165
6.09928
3.12021
3.85826
5.24882
4.32196
3.2448
4.26004
5.12746
3.79176
3.91975
5.44995
3.44665
3.68518
2.41131
3.56988
2.69217
4.38263
5.58599
2.86445
3.37196
2.71343
4.03054
4.37703
5.43977
4.58842
3.97957
3.682
4.784
4.88168
2.60961
4.0495
3.93842
4.72185
4.5894
6.17045
4.68163
1.95936
4.48928
5.02581
2.71244
3.79938
4.80317
3.99681
3.5891
3.58175
3.48067
4.20533
1.99922
2.4192
2.3394
3.19698
5.66709
3.1881
2.92698
4.35296
4.41251
4.31559
4.13181
5.30669
3.98996
1.13025
4.77683
3.93897
4.73297
4.82036
5.2086
4.91545
3.76631
4.98897
3.03028
5.57873
4.38001
4.1831
4.64062
4.2628
5.13078
3.63963
5.08968
4.16103
4.57608
4.01951
5.53873
6.46476
4.57378
4.47957
6.19961
4.75637
3.10618
4.70112
4.26203
4.75012
5.04357
3.6672
1.65056
4.3932
4.27427
5.35902
5.08921
2.69905
7.16069
4.32419
1.65929
4.01002
3.85415
4.37564
4.23537
4.53028
3.18992
3.19834
5.39924
4.22273
1.98706
3.77361
4.32094
6.4458
5.814
3.07701
2.96953
6.03834
2.8874
5.53363
3.69306
5.2726
4.23486
5.45868
3.99251
1.02132
4.15355
2.68108
3.1422
4.12452
5.30666
2.93088
3.49962
4.41789
2.63777
5.0946
3.16935
3.5292
3.71681
4.8716
4.57519
4.26036
4.34974
3.84905
4.75505
3.98866
4.11081
5.34042
2.90366
4.22029
4.54604
4.10197
4.23715
2.92798
2.07083
4.14593
3.53181
3.2579
4.46752
4.32933
5.54391
5.24803
4.6618
6.42373
1.94568
4.59233
4.02295
3.0524
3.90174
2.61993
4.97252
2.78642
2.21431
4.08352
3.68297
4.59432
6.75206
3.47303
3.35381
5.04114
4.25061
4.32565
3.03952
3.79423
4.29021
4.96968
4.36642
3.61442
2.48179
3.63877
5.08182
3.74012
4.45813
2.62869
4.48537
2.6395
5.06682
2.93946
3.13611
3.88512
4.79202
3.41158
3.38644
4.22382
5.25761
3.0453
4.14349
3.03965
2.02619
5.47213
3.13675
4.64892
4.58579
5.09222
4.53533
4.9457
3.3495
2.69109
3.08154
2.29559
3.56484
2.30416
3.49818
3.62986
5.13591
4.14788
3.98036
4.85944
5.10764
2.98548
5.41382
4.31114
4.95134
3.76038
3.52384
4.11733
3.36247
4.22331
5.31645
5.79921
3.70642
5.26631
3.33752
4.44958
3.6784
3.63266
4.64429
6.29377
2.49955
3.74018
