1.71548
1.78078
0.974536
1.86024
1.18947
2.3023
1.22837
2.58238
0.849357
-0.314868
1.32664
1.93052
0.165006
0.457098
0.247006
-0.74559
1.53212
1.85526
0.255588
1.68806
0.813357
1.97586
1.51468
1.91733
1.42182
0.629911
-0.269726
1.93643
1.18938
-0.738801
0.0393258
1.45932
-0.0881401
1.5299
1.45408
0.263147
1.87938
-0.242997
0.736418
0.798674
0.976855
1.44928
0.735133
0.943405
0.915799
1.52435
0.691457
0.80364
-0.330612
-0.307677
-0.284253
2.82173
1.33306
4.56336
2.53296
0.743773
-0.449194
1.55223
1.2989
1.23675
2.70156
0.323364
2.81011
0.797194
2.30469
3.5836
0.68004
2.2927
2.86503
2.16329
1.63181
0.595195
1.002
0.498818
2.25017
1.59192
2.12789
1.22632
0.0673485
0.0903059
0.425954
1.79643
0.197689
1.32965
2.19281
1.25991
0.640312
0.132725
2.18016
1.32536
0.549751
2.91663
1.55168
0.486862
0.861526
2.93729
0.315863
1.86935
1.44568
1.80205
0.479268
0.940374
-0.134925
3.2289
1.28977
0.0682028
1.51015
0.565124
-0.0883419
0.13981
0.628083
0.410222
1.54145
0.164018
1.94842
3.39695
1.54885
2.39826
0.432293
0.63034
0.484185
1.11511
2.23209
-0.724945
1.83584
1.3268
1.12574
-1.86098
1.14893
1.15294
1.50507
1.30127
1.41192
0.336285
1.14353
0.35025
-0.239241
0.768282
-0.0141277
1.21771
1.71479
-0.270575
0.831924
0.00127492
-0.121128
1.85083
1.11317
0.58293
2.37814
0.794131
0.210247
1.94798
0.967897
0.595652
0.26273
1.79803
-0.351472
2.09822
0.0508046
1.05255
1.92823
0.739101
1.55924
0.711895
1.79419
1.04812
0.372708
0.640191
-1.86559
1.92654
-0.13123
1.18448
2.91987
1.03754
1.12746
0.36372
-0.158527
-1.16354
0.400576
1.64071
0.975641
1.22385
0.998293
1.57943
-0.392463
-1.16296
4.64084
1.04497
1.03134
0.677889
0.459435
0.293869
1.83256
-0.0703502
2.06255
0.614257
1.02624
-0.707906
-0.255469
1.94534
1.13915
0.0242635
-0.0291382
1.72083
1.39415
0.201449
1.47869
2.64525
0.82455
2.25445
0.19954
1.24988
1.78048
1.1286
0.013146
0.507921
0.23172
0.173823
1.32769
0.464911
1.0785
2.58169
2.97109
1.01781
1.77555
-0.549781
2.13372
0.822411
1.94976
0.417976
1.71191
2.22258
2.46584
1.08964
-0.275833
2.85975
0.940681
2.07127
1.49207
2.14334
0.254206
0.2722
1.25261
-0.831965
1.06173
-0.037612
2.46999
-0.419035
1.09274
0.930447
-0.949704
0.700073
2.24682
1.01086
1.60494
1.64692
1.1224
1.18015
0.920756
1.42803
1.58498
0.305126
-0.0108738
0.928551
-0.104721
1.30704
0.677885
1.70953
0.457587
0.702731
1.72283
2.34801
0.000783413
2.37907
2.10656
1.79846
0.59995
1.67639
0.0773277
1.81878
0.436168
1.23305
1.37658
1.5715
1.58689
1.3995
1.48196
2.12072
-0.522626
3.25255
-0.371384
1.44631
0.430985
2.24263
1.66785
0.111892
2.85406
1.36813
0.0204096
1.72404
1.72926
-0.0951497
2.19874
-0.458633
1.07899
-0.0334372
1.32315
0.448994
-1.5062
0.417026
0.889717
0.910948
1.45087
1.98398
1.02874
1.26634
0.609696
2.42715
2.24076
0.974285
-0.845194
0.663598
0.522763
-0.516364
2.37105
2.22074
-0.907015
2.32194
3.41048
-0.560834
2.04687
0.744747
0.501147
0.629275
-0.869993
1.70694
-0.862037
1.10807
1.37421
1.64248
1.38273
1.83779
0.867049
1.79758
0.908651
2.61258
1.07533
0.789375
1.53304
3.87959
0.645882
-0.336589
0.536692
0.40509
2.3128
0.266402
1.07177
0.963123
0.599871
1.0312
0.652877
-0.109653
-0.31486
-0.340132
0.422599
0.619005
0.00137696
1.99973
0.950382
1.01986
0.989102
1.54368
1.74974
1.22832
0.648403
-2.11878
2.46876
1.27799
-0.602418
0.191678
1.63682
1.78697
1.07221
0.802688
1.57316
3.8621
-0.665968
1.45684
1.31759
0.310023
1.73032
1.7734
0.0164932
2.57155
0.903722
1.05022
2.28782
0.738627
0.389487
0.779867
0.672578
1.1663
0.183604
1.04806
1.54283
1.09159
2.26307
2.12414
1.81548
0.725358
1.3253
1.81807
1.72314
0.996309
3.35614
0.657949
0.733846
1.04238
1.18928
3.5044
0.916155
1.47222
0.676069
1.15207
1.10809
2.95314
1.53425
1.34417
1.21152
0.731867
1.80183
0.387564
1.97636
1.98104
1.85709
2.26026
1.56894
0.313473
0.706256
-0.458543
0.92602
1.72931
1.38371
1.79219
2.40952
0.420443
1.45014
0.567286
1.31201
0.282063
0.630714
-0.631184
2.41364
0.781535
0.102991
0.500964
0.00367949
0.725479
3.15411
-1.39464
-0.692344
2.80466
0.808467
2.02967
-0.857656
-0.643606
0.159011
0.849391
2.50217
0.81505
3.13152
0.751744
1.2874
0.377608
1.88048
3.29801
1.25714
1.55526
2.7889
2.96083
0.670555
3.25565
1.95381
0.772561
2.48083
1.82451
0.705678
0.776905
0.57819
0.407753
2.93174
1.0764
0.448726
0.251145
3.3255
1.35824
1.31617
1.51107
1.86209
0.944472
1.12934
0.685251
2.21347
0.879985
1.23237
0.567031
0.885644
1.1265
-1.41626
1.10887
-0.642686
1.95208
0.192539
1.48381
1.35001
0.39325
3.02878
1.04807
1.56233
1.40226
-0.483816
2.29922
0.592711
0.833295
0.75714
-0.00507318
1.11406
0.389479
0.83519
1.5294
1.5148
2.27291
2.29114
0.517631
1.21921
2.56
0.290735
-1.01715
0.228873
-1.20913
0.941641
-0.164458
2.44096
-0.500246
1.26966
-1.46257
0.966357
1.63696
1.76781
3.19246
-0.0684441
0.924671
0.528129
1.77585
1.48144
-0.12589
2.34662
-0.641802
1.94412
1.29595
1.73912
1.97805
2.32377
-0.251666
0.077844
0.446604
1.42656
2.29555
0.619888
2.39521
-0.187469
0.652679
1.81793
-0.580684
0.644393
1.03751
0.97939
-0.194629
0.567689
1.45071
2.48841
-0.433384
2.68383
0.348257
1.81386
1.21725
1.3128
2.02698
-0.571767
0.934374
0.992205
1.16403
1.3291
2.45294
0.691707
2.36033
1.46028
-0.779116
2.15617
1.55619
-0.341453
1.15789
3.1706
1.61675
-0.678952
1.82928
0.327422
2.8547
-0.700271
1.63506
0.43674
0.476218
1.77514
2.0796
3.45434
1.25186
1.83257
1.34863
1.01547
2.05245
1.57745
1.36787
-0.730762
2.64953
1.20051
2.79393
0.501405
0.618912
1.96977
2.20081
1.56921
1.22062
2.18987
1.66561
-1.79491
0.490181
-0.115586
-0.392236
0.294377
1.53641
0.095525
0.489046
2.50127
-0.366722
2.01293
0.965378
0.775429
-0.0132339
1.01012
1.13271
1.22743
0.931616
-0.289569
-1.12431
1.03193
2.86512
2.21576
-0.253378
-0.387704
-0.895269
-1.09334
1.60746
1.66354
1.18342
1.829
0.2851
1.87675
0.315404
0.386552
0.142523
1.27224
2.38205
1.8021
1.66792
-1.20384
0.893063
2.45269
0.380695
1.6425
0.0948758
-0.490201
-0.384633
1.96516
0.649842
0.222886
1.65259
1.66642
1.47534
0.781612
1.42301
1.47282
2.14083
1.15767
1.22285
0.920821
1.01987
1.33587
2.91425
1.41632
1.64497
1.96398
0.422577
1.33488
0.525387
0.994663
-0.144235
-0.657817
1.13639
-1.10762
3.66602
0.412688
1.60152
1.80292
-1.06801
1.33513
3.16107
2.52811
0.28786
-0.645876
1.79654
-0.0830935
1.96644
0.789908
1.54527
-0.609818
0.761912
1.44321
2.11125
2.54382
0.379284
0.693629
0.254016
1.00435
1.02523
2.51247
-0.00701624
1.72057
1.37265
1.09474
1.75309
-0.453121
1.89797
1.24084
2.27055
0.764467
1.16928
0.776348
4.31958
0.884332
2.53136
0.942178
3.18426
-0.785797
0.242307
2.19683
2.27122
-0.00486554
0.124239
-1.47072
0.81444
0.577222
0.754883
1.04046
-1.9218
1.95106
1.78634
0.0801809
-0.0244456
0.486325
2.45136
1.01835
-0.317468
3.11968
2.06912
2.56207
3.34176
2.55724
-0.840603
0.0389914
0.024091
1.02228
1.21438
0.96846
0.0530406
1.35766
0.487169
0.966167
2.25497
1.39619
1.25184
0.575024
0.261237
2.43867
1.9005
2.09152
1.34061
2.18864
0.568417
-0.985206
0.956051
0.809971
0.36744
0.450846
-1.82423
2.17786
2.3428
0.555192
0.480378
1.55363
0.277112
0.800932
1.17759
1.13355
1.5142
0.763055
2.59036
0.838296
1.27414
2.83801
2.61386
2.23809
1.30095
0.478114
1.32294
1.11907
-0.410407
1.11798
1.03964
-0.838533
2.27871
-0.0719709
2.32449
2.81057
0.607349
1.59085
2.69425
1.07575
-0.57208
-0.969503
1.27787
1.39258
1.69894
0.219922
0.7672
0.95864
1.43299
-0.429002
-1.00725
1.10941
1.12351
0.960749
0.626208
2.28998
0.388139
1.18525
1.032
1.25883
2.58754
1.35839
-0.135843
-0.598374
1.98858
0.424128
-1.02629
0.509725
0.793122
1.19874
3.57901
0.775123
0.784134
1.59409
2.12058
2.33551
2.23522
0.469409
0.274249
-0.167678
2.05319
2.10821
0.246484
-0.0289918
0.69038
0.971215
1.58125
1.64237
0.0815719
-0.137023
1.25764
2.39663
0.823159
0.800283
2.66891
0.303326
0.155069
0.820554
1.05407
-0.383884
2.03589
0.367162
0.265512
-0.725691
0.254244
0.226311
0.572408
2.08012
0.398031
1.64875
0.72711
0.786882
1.66248
0.505319
1.4385
1.21945
2.1117
0.496549
0.0655867
1.01914
-0.297593
0.969813
0.0842386
0.44781
-0.493761
1.83727
2.21284
0.793467
0.697017
-0.538004
-0.821722
-1.39282
0.90743
2.29049
0.704761
-1.24619
1.97198
0.658904
0.342312
0.860284
2.08831
1.02582
1.83827
0.671849
1.85177
0.519826
2.1874
0.551788
0.632423
1.26622
0.585135
-0.363735
2.10531
2.13895
1.3536
1.32195
1.13138
0.717738
2.08846
0.910876
1.71505
1.82783
-0.237322
0.828728
-0.0495712
2.37985
1.31494
2.11391
1.79109
0.809136
0.103318
-0.0367282
1.51422
1.95234
0.855077
1.27627
0.805827
0.78681
-0.639652
2.50189
0.358886
-0.925586
1.86773
0.0602767
1.29327
0.239202
1.12511
1.61627
0.574731
1.28902
1.17483
0.324834
-1.04213
0.836656
0.939595
2.04616
1.63274
0.665013
0.442059
1.1058
3.55294
-1.08518
1.97914
1.80204
-0.130366
1.26673
1.18452
2.34347
0.201618
-0.278947
2.3106
1.28095
0.946084
-0.188718
1.7183
1.0137
2.25209
1.45316
0.35622
0.660925
1.2187
0.884888
2.36247
2.75985
0.870077
3.13031
1.82008
1.06217
0.173677
-1.15447
0.94036
1.76241
0.0340041
1.78174
0.707006
1.12566
-0.497429
0.974453
-0.160979
0.362429
-0.0400486
2.52854
0.723528
-0.0605562
0.00564013
0.676585
1.22027
2.12622
1.34778
1.71372
2.78899
1.6418
0.73425
0.899829
0.655653
0.125106
0.745232
1.65748
1.4658
-2.25266
1.76626
0.861642
0.944356
1.34641
3.18074
2.12859
1.38221
1.26601
-0.531395
1.54823
-1.39366
1.1665
0.877208
0.911703
1.62905
0.26634
0.145701
1.01188
-1.21113
1.6022
1.39532
0.259654
1.63717
1.05167
0.352469
1.69885
3.24367
-0.415547
1.30848
0.741092
0.232485
1.60004
1.66838
0.0422637
0.94654
1.94314
0.697193
2.85588
2.30686
2.49607
1.08975
2.03768
1.10769
0.140915
0.770178
-0.31933
0.746723
1.49014
1.48519
2.10877
3.33688
1.92305
2.18029
0.250894
1.65113
1.45531
0.852928
0.257595
-0.367591
2.00757
0.450511
0.0198423
0.104177
1.46447
0.206787
0.703617
1.66696
1.31717
1.39472
1.97855
1.62217
-0.895462
0.487247
-0.475405
1.0775
0.38348
2.05498
0.194653
1.091
1.78249
1.41079
-0.618445
0.93293
0.0807476
0.802963
0.245734
0.93901
2.37548
0.780425
-1.47938
1.83889
2.74505
-0.405389
2.29886
0.648262
0.804142
0.0837076
-0.362301
0.172474
1.46466
2.70991
0.867806
1.35257
-1.03706
-0.848912
-0.0455706
-0.479268
-0.00475959
0.186624
2.3386
1.33288
0.590988
2.62893
2.81387
0.899199
1.42075
0.688543
-0.738734
0.7438
1.48799
1.80121
-0.40753
2.87845
1.69087
0.798133
0.902652
0.751386
0.865047
2.83306
-0.108696
-0.660289
1.66238
-0.119514
0.274101
1.12646
2.22808
0.757308
-0.0836732
0.33513
1.68883
4.29643
-0.262453
1.38176
0.0278366
0.525185
1.31159
1.91282
0.53526
0.804826
1.22888
0.974247
0.935442
0.157187
1.12246
1.48053
1.12443
1.01313
-0.202078
1.18688
1.065
0.622722
0.528274
1.09092
1.13271
1.29515
0.487851
-0.0575913
1.00157
1.98001
0.139268
0.29527
2.19177
0.767745
-0.563948
0.387215
1.39658
2.44187
1.08482
0.898595
1.5474
-0.33124
1.30101
1.43341
2.57829
2.18685
2.39153
3.4782
1.69856
0.0851825
1.29905
-0.726328
1.20343
1.54752
1.49555
-1.64908
1.30827
0.604116
0.0127436
0.499131
0.458365
1.1358
0.923906
1.13276
2.36783
0.778401
0.629312
0.948431
-0.765534
0.428675
-0.0690803
1.94157
1.29829
0.712824
0.766988
0.501735
0.964006
1.04283
2.62417
0.942924
0.193827
-1.80118
-0.557899
1.43353
0.804103
1.48809
0.500461
0.987089
-1.03584
-0.205124
-0.0950285
-0.10047
-1.07968
2.07122
1.18207
1.28614
2.64809
0.995441
0.821032
-1.5864
0.530457
3.09221
1.52747
0.617726
2.2821
-1.45913
0.223609
1.88774
-0.0248318
1.88432
0.483088
0.775325
0.414109
2.59974
2.18077
0.354942
-0.563694
0.550198
-0.756763
0.944978
1.33238
-0.0707508
0.447113
-1.2343
2.88637
3.28943
0.915141
0.864953
0.717227
2.54031
1.17847
1.41715
0.458344
0.474744
0.381885
0.748987
-1.37458
1.22155
-0.300945
1.79945
0.0567284
0.32588
0.831534
2.32059
0.466899
1.63972
1.02769
-0.959499
2.06108
1.55637
-0.0511119
1.33676
0.659155
3.17006
0.785096
-0.00185995
-0.696205
1.38998
0.262669
0.339091
1.05138
0.350011
0.436259
1.14986
2.27884
1.17551
0.965591
2.49893
0.641285
0.600769
1.69367
0.295201
0.537258
2.14735
0.373151
1.80971
0.328515
1.05765
2.364
1.13868
1.81057
0.402343
0.98504
0.598088
0.259396
0.0958161
1.59459
1.99561
2.05415
0.0991459
0.716437
1.04404
0.872842
2.33839
0.914678
2.0479
1.08354
0.0818006
0.749092
-0.315897
0.766209
3.21151
1.11105
0.837991
0.449009
2.16409
0.698255
1.66759
0.33749
0.253281
0.847788
1.66048
1.45374
-1.44993
1.23475
0.734914
0.269965
2.83472
3.11781
0.227729
2.42255
-0.0193975
0.132401
1.5639
1.03181
1.69668
0.666646
0.172396
0.55592
0.221924
1.76792
-0.129064
2.50038
1.66723
-0.843867
1.27563
3.76253
-0.0344856
2.9625
0.728596
2.60502
0.666837
2.137
3.08366
0.483923
0.650355
-0.470909
0.206997
2.21112
2.16457
0.0729208
0.53019
2.04059
1.24783
1.4503
1.4552
0.705037
1.37203
1.80655
1.30245
0.7127
2.05886
0.235613
2.15429
2.30221
2.65316
1.4596
0.687483
1.59883
0.102811
-1.36817
-0.176929
1.09957
0.961116
1.63673
0.817009
0.934518
0.105863
1.43063
0.257542
2.40094
1.3359
1.7895
0.708927
1.58876
1.84934
1.44898
2.84305
1.58734
1.26559
0.882525
1.69107
-1.03269
2.9041
1.69468
0.194249
0.565965
2.23769
0.514956
0.800445
0.967371
0.6089
0.207447
0.700411
1.61679
0.725476
1.22476
0.130457
1.87708
-0.469325
1.41403
0.715263
1.79705
1.63718
1.66532
0.919389
2.90851
1.27761
1.39323
3.11929
1.31488
-0.130755
-0.472111
0.356497
1.04158
0.313291
1.57151
1.76368
0.542098
-1.03251
0.739071
0.692298
-0.398752
-1.10056
-0.280412
0.148106
0.401762
1.06372
2.34778
-0.289883
1.45584
1.98223
0.319323
0.221735
1.3831
2.00166
1.68689
1.38842
1.22345
1.42364
0.578347
0.310224
1.04903
0.0566751
2.3159
1.05727
1.14279
0.508999
0.160312
0.688765
1.43635
0.239195
0.759794
-0.0234455
1.9454
1.12799
2.5987
-1.70412
1.43157
1.10193
1.70758
3.13999
0.389559
2.07932
0.641999
2.27539
1.80777
1.8687
0.0501357
1.67938
-0.256409
0.707532
0.811044
0.428239
0.372228
0.841535
1.43089
2.70965
1.57241
-0.644777
1.28277
-0.587106
-0.194089
1.21825
0.534481
-0.530409
2.62571
0.93873
0.47484
1.04952
0.377781
0.97142
1.83493
0.966446
1.95438
0.954008
1.31551
0.492097
1.76484
1.06595
0.977427
0.69982
2.40378
1.01922
0.796573
0.846992
0.538377
1.46996
1.3632
1.57992
0.703395
2.18536
0.565595
0.944625
0.827067
2.13443
0.221242
2.29725
1.38712
0.854953
0.406311
1.83682
1.64919
0.176404
1.22651
2.02557
0.311671
1.82269
0.742138
1.13081
-0.675544
0.412348
2.52391
1.50548
0.2021
0.917606
2.43998
0.426759
0.79335
2.8599
2.54825
1.24198
0.427711
-0.183394
1.13982
0.65827
0.0366818
0.482646
0.828077
3.21567
0.978351
0.81111
0.967964
2.53445
0.368068
0.070636
0.656279
2.40611
-0.175399
2.12374
2.06742
1.13803
0.312583
2.16325
2.00007
0.00638158
0.189058
2.53546
1.12261
1.69338
0.749473
1.28501
3.59421
1.55083
1.42631
0.0396679
1.36346
0.533242
1.0491
1.40808
-0.27441
0.107624
0.467147
2.75683
-1.43906
1.22835
3.20381
-0.525471
1.64758
1.70314
1.15453
-0.545128
1.72317
1.01434
0.732775
0.549883
2.14491
1.93806
-0.0514869
-1.37653
-0.802586
0.784386
0.614035
2.05219
0.623994
2.81036
2.88165
-1.00084
0.116576
0.4396
1.17487
2.23139
0.98731
3.03306
-0.550564
1.5399
0.0344982
1.65915
0.542441
1.30689
-0.152528
-0.0261926
1.55365
1.73121
-0.291106
1.75464
0.828129
0.479175
0.578094
0.89071
1.01261
0.917617
0.96981
1.67519
0.74041
1.00687
0.467103
0.457545
2.12072
1.38329
1.74137
1.098
2.01293
1.78131
-0.254857
0.314551
2.83315
1.41921
-1.61491
1.00872
1.81487
1.11607
0.714158
0.300334
0.161584
0.551309
1.03236
0.998247
1.27311
1.72589
0.477846
1.01021
1.08521
0.842782
2.43479
-0.0707078
0.744261
-1.1701
1.40383
0.0811206
-0.70711
2.45695
4.37384
1.07883
2.97022
1.02021
1.30234
2.24956
1.85888
-0.0871822
1.06246
2.22752
0.146685
0.129277
1.10227
0.44244
0.636657
0.306174
2.59201
1.91837
2.32782
0.917419
0.0373406
2.93582
0.346829
1.55929
1.31747
1.1502
1.70622
3.37031
-0.398439
1.48312
0.967803
2.02696
1.02695
0.86406
1.54452
1.62659
0.263851
1.541
1.16844
-0.59573
0.143892
0.918902
0.0434778
3.4042
-0.255086
1.5547
0.0363244
1.1449
0.458251
0.656786
2.47918
1.00534
-1.34858
0.467068
2.04114
0.939504
0.248056
1.37381
0.361849
2.07052
0.660963
2.62267
1.43396
1.59723
0.443729
1.78147
0.624111
1.60103
0.135168
2.25683
1.52546
0.900411
-0.0587247
2.38814
0.653283
1.88769
0.214478
1.55488
0.708033
1.3575
2.22652
-0.0547367
0.743485
0.195058
3.10751
0.0862539
0.844998
-1.15655
1.23443
-0.59789
0.459702
1.41244
-0.524385
2.08557
1.56899
1.13975
0.854562
1.33856
0.817062
3.02716
1.46463
-0.357103
2.33693
1.75631
1.34617
1.92492
1.01801
-0.456572
-0.025925
0.617694
0.844855
1.54941
2.42242
1.23637
0.505302
1.44827
1.45726
1.61335
-0.251899
1.11276
-0.589679
2.6934
-0.146919
1.53747
2.47667
1.56331
-0.468
1.80328
1.87638
0.872476
0.44576
2.61031
1.32683
0.85304
0.845043
1.18434
1.55338
2.06223
1.4598
0.577861
-0.212273
0.686249
1.43596
0.897942
-0.170539
0.735742
1.37575
-0.865409
1.33235
1.82932
3.29476
-1.35638
1.96629
0.732618
1.6078
1.27914
2.31091
1.39929
1.38306
1.0441
0.703625
1.07458
2.20007
2.26134
2.07353
1.33689
1.80584
-0.731472
0.263641
1.2413
-0.110001
1.57965
-0.327174
1.41224
-0.0809914
0.510476
2.69099
0.846145
1.07193
-0.544534
0.906847
-0.0399841
2.89655
2.58727
-1.06214
-1.3318
0.570471
0.252737
2.25722
0.630373
-0.0568933
1.06897
0.0688746
0.286023
-0.483916
1.82337
1.23298
1.74057
4.03249
0.788095
0.232094
1.89485
0.506815
1.09723
3.5481
-1.18855
1.10709
0.767437
-1.25621
1.80851
-0.55666
0.130866
-0.692466
1.28951
2.9213
1.74378
1.71031
0.840978
0.840568
1.92147
0.782394
2.6372
1.17067
1.0834
2.48559
1.47912
1.7012
1.51863
0.743293
0.234353
0.450867
1.43092
1.17233
1.51899
-0.293748
1.32455
2.12395
1.54589
0.17763
1.27547
0.702702
1.91983
2.02754
0.450526
2.69208
1.90151
1.40152
-0.536655
0.753754
0.935206
-0.186581
1.28649
0.603246
1.12098
2.26029
2.3649
0.152693
1.3616
0.834704
-0.813366
0.416248
1.02885
-0.095687
1.41015
1.20669
0.818851
0.889606
0.950763
2.94722
2.538
1.68318
1.09054
0.405197
-0.318124
1.44646
1.83238
1.20657
0.424811
-1.00162
0.895053
1.51126
-0.545583
1.34154
2.61601
2.26783
0.891138
2.40288
1.24933
2.10432
0.370026
2.85095
1.24549
1.70723
1.23029
0.246956
1.23015
0.771243
0.843666
1.36032
1.65347
2.31532
-0.230368
2.65213
1.44488
2.15484
1.03352
0.151169
0.785362
0.021741
0.890705
1.22693
3.09659
-0.244084
0.818924
0.786174
1.66497
1.88276
0.00248678
1.52699
1.5353
1.94938
1.39837
1.27483
1.22609
-0.150246
1.04892
-0.0794433
0.274236
3.25918
0.0655294
0.0764601
0.0151761
0.875865
0.247046
1.39424
2.46137
1.1938
1.08257
1.38227
0.979901
0.343276
2.3593
-0.581015
0.40883
1.66511
2.93589
1.53139
0.922589
0.3913
1.63541
2.36945
1.81193
1.23369
0.558597
0.91027
0.79504
1.47492
0.447603
0.599517
0.00335822
1.11682
2.44221
2.08976
1.10815
2.54339
1.19203
0.801654
-1.13463
1.48669
1.73372
1.65262
2.77793
2.20334
0.533679
1.91388
2.36196
1.58881
1.68387
1.25325
2.48422
1.48271
0.232298
-0.115908
0.204207
-0.0598968
1.44414
0.308423
0.467419
0.953574
2.1075
1.32595
0.249224
0.400323
0.072529
-0.0281212
1.24298
0.888724
0.709211
0.0956123
-0.676351
1.34175
0.274125
0.677409
1.1834
0.384162
-0.237227
-0.498468
1.21025
1.19501
-0.190417
-0.0745177
0.230206
0.207738
0.459009
2.49318
1.63983
3.15032
2.03766
1.08762
1.39416
1.00278
0.894236
0.355233
2.21309
1.73778
1.49485
1.24373
1.59707
1.8163
3.80664
0.159283
1.56961
0.977021
1.09418
0.164584
-0.163802
2.32282
-0.251313
0.816276
-0.183634
1.16012
-0.015508
2.20536
0.744912
1.0552
2.26828
0.920646
1.44773
1.21248
0.638816
0.894588
0.29454
0.218349
1.95776
0.878014
0.240611
1.45137
0.661046
0.34147
1.29574
2.89414
0.718135
0.702681
1.25112
-0.567304
0.735181
0.0898175
-1.50969
2.05193
1.50947
1.25209
2.43512
0.875542
2.3136
0.261149
0.867094
0.58325
-0.169661
-0.197587
1.22327
-0.78105
1.20371
0.58714
0.841809
-1.23461
1.88586
3.89098
1.42944
0.821049
1.73651
0.350913
0.44991
-0.0132581
0.991948
0.933734
0.340038
-0.0861054
2.5882
0.0917496
1.85604
2.40061
1.01415
1.20122
-0.165217
-0.389053
0.270168
1.26039
0.896363
0.509084
0.303071
1.80007
1.22711
0.777036
2.20453
-0.0820715
0.329132
-0.636209
2.47764
1.16047
0.756212
0.537298
2.15142
0.254529
-0.0745772
-0.664545
0.0505478
1.44193
1.27791
2.28335
1.80709
0.973734
1.91345
0.728347
0.530604
0.387786
0.0674785
2.32912
1.56791
0.239571
0.0928127
1.6429
3.00962
1.68869
1.3222
2.00696
1.3994
0.987034
0.408477
-0.0788433
0.367985
1.17421
2.21873
0.570927
0.786616
1.10737
2.73947
0.370409
1.39543
0.789784
-0.159099
2.29477
1.00058
-0.360634
0.4136
0.139284
-0.165783
-1.09838
0.144897
1.22809
0.767392
0.955535
2.11528
0.957846
0.454384
2.07075
0.855531
1.01623
0.896048
0.565842
0.331506
1.65697
1.92954
0.429689
2.28301
-1.46885
-0.435506
0.978275
3.22019
0.912946
0.970407
1.33154
0.0575519
-0.610743
2.04981
0.37479
1.28402
0.546987
1.32408
1.56417
0.728741
0.112124
2.37908
1.6902
1.46586
-0.483578
3.73488
0.528332
-0.560207
1.4958
-1.2479
2.42069
2.44037
-0.018917
2.18074
0.916447
0.891576
1.63076
0.391041
-0.150206
0.204082
-0.0954514
1.49918
1.34464
2.66338
2.18446
0.950694
-0.796704
-0.464818
1.52687
1.69453
1.5893
0.656871
1.83465
0.630866
2.2704
1.10561
2.55092
1.51603
-0.0390037
-0.124876
3.4502
0.174943
0.741402
0.513967
0.678855
1.08458
-0.419412
2.32938
1.78613
1.59511
-0.316704
0.412339
0.112379
1.53834
2.13699
1.52003
1.95191
-0.916266
1.43631
0.49993
0.959144
0.512
-0.134716
1.79516
1.40471
0.187202
1.92277
2.08836
0.97284
1.04353
1.84678
0.950617
-1.11248
2.58704
1.20771
1.16859
1.43419
2.39984
-0.240022
2.42975
0.802861
0.510754
1.27554
0.905641
1.18628
-0.887841
0.531495
1.28584
0.42501
0.397237
1.90602
0.846856
0.966416
0.847874
-0.746229
0.334369
0.452637
1.83014
1.12216
0.551567
2.33541
1.14457
-0.342352
2.25636
1.9958
1.43608
0.699911
2.2617
2.11984
2.52286
-0.439418
-0.0743525
1.97841
0.820777
0.263225
1.38604
0.899179
1.3128
-0.701507
0.903294
2.23292
1.10993
2.12014
-0.271779
0.550485
-1.10103
-0.224381
1.39029
0.604854
3.12611
-1.02953
-0.112669
1.43096
1.02215
-0.123992
1.20645
0.977402
1.86466
1.58521
0.491413
-0.349847
-1.38082
0.414272
0.191628
1.35926
1.42037
0.299041
0.464432
3.42786
3.00283
1.47867
0.116279
2.52626
1.59132
2.11205
1.01823
2.07983
0.857014
1.93564
3.4007
1.46802
0.955303
-0.439555
2.10752
-0.23446
1.21019
-0.521927
-0.341638
1.66973
1.168
2.51102
1.73355
0.79303
1.91112
0.813276
0.703161
2.05006
2.84164
1.73532
1.70986
-0.588651
-0.132792
0.250713
0.23377
1.31832
0.553445
-0.370344
0.675868
0.603692
2.34326
1.38644
0.380761
2.65388
1.20055
0.694916
1.81224
0.593704
1.09312
2.36305
0.486827
0.547448
-0.920796
0.883994
-0.297417
1.23268
-0.518677
1.56218
0.761684
1.19303
2.80225
1.83879
0.923483
-0.144854
-1.16191
0.697722
0.780719
1.03193
0.829425
2.05678
2.49387
1.5591
1.26326
-0.313027
1.454
0.248077
1.16456
2.03055
0.847757
1.00815
1.83033
1.6803
2.48856
2.01053
0.288362
1.22212
0.449763
1.97252
-0.885403
1.28453
1.00206
0.602715
0.72374
1.04783
1.66009
1.19101
0.548603
0.61626
-1.16093
0.858212
-0.48549
2.42001
1.22806
1.3408
1.93928
1.91633
1.68212
2.44878
1.55743
0.998562
1.21941
2.05344
0.730072
1.53636
1.505
0.326513
1.27789
-0.104961
1.24075
2.19129
2.12713
2.25295
-1.10735
1.57648
0.276117
0.285452
1.0475
2.53276
2.6299
2.55344
1.84605
1.49881
0.315304
2.05083
3.00032
1.34053
0.462442
0.79927
0.967752
1.12518
2.15362
1.58733
1.2764
2.14082
1.57858
1.96436
0.378163
-0.22356
0.837235
-0.531549
0.289645
1.38721
0.452046
1.2258
0.722654
0.985114
1.33204
1.12014
1.57992
2.08922
2.18798
0.545869
1.82816
-0.218549
-0.324192
2.43341
2.18211
1.36309
1.22191
-0.825152
1.61781
-0.863207
1.35628
0.367651
2.43364
-0.809094
3.51783
-0.466633
2.23472
0.186755
1.34203
0.378707
-0.291502
3.71373
1.29122
-1.55664
0.462617
-0.559477
0.789939
0.766415
2.8684
0.640431
1.03623
0.56144
-0.538293
2.24806
0.0504728
2.92453
1.01128
-0.368491
-0.0291308
0.00270615
-1.10345
2.02408
1.67916
2.04843
0.779435
1.63367
1.55911
1.31925
0.197811
0.98399
1.5149
2.00581
1.24083
0.722739
0.0401939
1.06875
2.5895
-0.018639
1.53818
0.222118
1.49835
-0.430631
1.14098
1.86874
0.401143
0.506915
0.647532
0.063197
-0.0163499
1.27859
0.0956984
0.398593
1.38136
-0.733315
1.26958
-0.699518
1.75052
1.32869
0.425682
2.26459
1.98494
0.90763
0.2368
1.85579
-0.29246
0.386346
1.0583
2.70316
1.13277
-0.382463
2.9001
0.383997
-0.00221488
0.309266
-0.44283
2.44412
2.12137
1.2597
1.66286
0.52436
2.22938
0.250588
0.540818
-0.419509
2.2641
1.7266
-0.725003
1.22715
2.21653
0.861761
0.280829
0.72712
2.76356
0.623388
1.26193
0.359049
1.42932
2.14259
0.426384
0.350276
0.767327
1.66119
0.435039
-1.3012
-0.127434
2.30643
1.16801
2.36959
0.792714
0.220094
0.298997
-0.0175864
1.95695
2.15959
1.73518
2.19834
2.3322
-0.442859
-0.225631
0.343623
-0.752619
0.311764
2.79699
2.05397
0.879124
0.217737
-0.665792
0.752591
1.6236
0.224294
2.12441
0.695613
1.84048
1.16639
0.752681
-1.32412
0.776064
0.981138
1.34225
0.443755
-0.0355768
0.620109
0.279502
0.0320397
1.60783
1.58447
2.44139
2.12861
0.734587
1.6837
1.41716
2.09663
0.600986
0.438586
0.274253
0.590934
2.29758
2.17002
-0.201877
1.40286
2.48188
1.53234
1.59867
0.523039
0.871647
1.06913
0.595903
0.141542
2.38426
1.60677
2.54878
-0.330812
1.37703
1.15
0.449239
1.25281
-2.29469
2.1076
2.38138
0.207609
0.596993
-0.397615
0.248469
0.998836
0.120204
1.07377
2.0771
0.663761
0.856539
1.18855
2.92021
3.35397
0.326872
3.41269
1.0422
1.3039
-0.731016
0.585444
1.69096
0.781762
1.5194
-0.506351
1.15277
1.82316
1.43488
3.59332
-0.479034
1.75074
2.03455
0.829626
2.47863
0.575763
0.843282
2.22515
1.5861
2.75492
2.20468
-0.282324
1.23785
1.11976
1.43531
1.29308
0.723659
1.25252
0.22598
-0.0681467
0.523198
0.846163
0.984333
1.3838
0.142543
2.43631
-0.503055
1.39135
1.51573
0.688841
1.32901
0.671299
2.77739
0.564569
1.26572
0.485348
-0.42423
2.64209
2.39429
1.43005
-0.490241
1.46169
3.43959
0.73933
1.45863
0.86033
1.19923
1.43507
1.02688
1.60506
2.26164
2.26637
0.775649
-0.160146
0.188197
0.628217
2.54942
2.45429
0.734588
0.862236
-0.226343
3.27976
-0.549651
2.6222
0.289076
2.1141
1.41003
-0.100578
1.34725
2.40037
1.09234
-0.705205
0.276917
-0.107949
1.26195
-1.32351
-0.302358
-1.08651
1.60203
2.3811
1.76724
2.73517
-0.143366
-0.381774
-0.420518
-1.44919
0.750069
2.10716
2.1351
1.41721
0.666973
2.80712
-0.888189
-0.348976
0.789481
0.605124
1.80769
0.91391
1.74495
0.686667
1.79975
2.48023
-0.507562
1.59579
3.20158
0.182104
0.55598
0.836267
1.63103
0.890051
2.31643
1.00481
0.646186
1.03919
1.89793
2.11987
1.8304
1.24921
0.963742
-0.358345
0.0290177
2.75993
-1.472
0.432529
0.952807
1.58337
0.283798
0.459397
1.20636
-1.66476
1.21362
0.902029
0.860857
1.08332
0.69048
0.648771
-0.0618731
2.36987
1.31843
3.06264
0.00255218
0.0296381
0.750395
1.48286
0.0467844
-0.0542544
1.5093
1.84149
0.34845
-1.6325
2.51192
-0.000183388
0.126443
0.623854
-0.891519
3.58414
1.73889
-1.16595
2.98326
0.721438
1.3024
0.998127
1.61522
-0.750641
3.09295
0.94147
1.22615
1.49979
0.574961
1.88552
1.9144
0.659813
2.3545
1.51087
0.917654
-0.0313847
1.51459
3.39049
1.07954
1.10526
-0.166634
1.72479
0.504381
0.838964
1.03354
1.06713
-1.17196
0.290541
2.39127
1.81478
0.997133
0.733805
0.526315
0.985524
0.0218395
1.58935
0.424999
0.573286
-0.831495
-0.104464
0.15642
0.912379
0.905875
0.567034
-0.0374762
2.50971
0.747139
1.07955
-0.833067
1.62476
0.66787
0.529295
0.783612
2.31617
0.869808
0.866681
-0.122907
2.99072
-0.496488
0.52685
1.92109
-0.547561
-0.00490098
0.718196
0.0204752
2.99533
-0.743153
2.63696
1.11834
0.180351
2.61815
2.56875
1.52684
1.40594
1.85028
0.872858
-0.64617
-0.315001
2.24673
1.0133
0.151535
0.808543
-0.482727
0.743701
0.470302
0.988678
-0.326829
1.27792
-0.257085
3.49929
1.29287
0.972699
1.32576
2.57963
1.31913
0.723068
1.2638
2.2434
0.236534
2.0131
1.86094
0.593475
0.867673
2.49615
1.37474
-0.399466
-0.217187
0.767539
1.19925
1.13753
0.765145
1.47698
0.427056
0.939609
0.330769
1.69818
1.02105
1.5443
-0.352804
0.749
1.98504
1.28229
0.648968
-0.508965
2.17784
-0.485937
3.3827
1.59912
-0.240716
0.941921
1.32284
1.25908
1.02289
1.58316
1.8779
1.07493
2.15902
-0.0806167
-1.17211
0.370609
0.475076
1.67419
0.267699
-0.0146094
0.555142
0.712566
0.77424
1.44127
2.39337
0.783557
0.585094
1.41344
1.43606
2.76058
0.51576
-1.22351
0.102404
1.26793
-0.3896
0.3857
1.0627
0.889726
-0.260723
0.427892
0.657985
2.13588
1.50521
1.97816
0.596608
2.40064
0.501797
2.03872
1.60772
1.10868
0.934007
0.583284
1.46726
0.822272
0.324821
0.842818
1.96989
0.996348
-0.869698
0.23211
-0.0524886
0.977152
0.0415039
0.947578
1.43292
0.761512
1.23021
-0.782189
0.848987
0.0579929
-0.605422
1.69295
0.502424
0.0776098
-0.674629
0.923133
2.83831
1.97349
0.327205
0.0864899
1.23688
1.5398
0.169234
0.588027
3.00973
0.517833
1.11386
1.58642
-0.0646948
0.993245
2.5922
1.16516
0.00798087
0.38551
0.339076
-0.730093
2.06118
0.724525
1.72999
1.29704
1.65704
-0.0895159
1.59465
0.317318
0.428335
1.71382
1.38502
0.41264
0.772866
2.27463
0.467304
0.245788
1.49179
0.88087
-0.171487
1.31982
-1.84967
0.00268707
0.991801
1.25462
1.68592
1.90273
1.29274
1.4883
1.45245
0.914383
3.01596
2.14675
0.913473
-0.385375
1.67666
1.53185
0.0264379
1.30579
-0.869722
-0.200136
1.20981
0.465253
0.690985
2.79664
1.85871
1.42113
0.0349128
3.31892
1.66338
1.11447
1.99844
1.09332
-0.919984
-0.226885
2.99054
2.6916
-0.418931
1.88034
-1.36877
2.52341
0.439932
-2.39705
-0.455435
0.0983201
1.45074
0.166354
2.80234
0.469755
2.9583
-0.509482
0.757734
-0.433554
1.69791
-0.837141
0.664103
2.89027
0.528642
0.406504
0.187955
0.243788
0.794662
0.418591
-1.15765
2.30628
0.574104
0.589592
0.174387
1.77636
1.48054
2.52175
1.04391
2.38411
1.32536
1.04249
-1.09031
2.5819
1.11983
1.63153
0.326598
1.09866
-0.369209
0.619629
0.978167
0.385709
2.42623
1.24582
0.314112
1.35915
1.2314
0.121346
0.802364
1.30416
0.601633
0.117245
1.99981
0.163959
-0.424277
2.34371
0.741104
1.61218
-0.404762
1.97413
1.34028
-0.794548
0.922667
1.38016
-0.394207
1.90882
1.14626
0.865033
0.112291
2.91366
1.89094
1.07894
0.411619
2.06653
1.28867
1.4947
2.80151
1.50676
0.777156
1.05972
-0.3012
-0.633031
1.51213
-0.339472
1.21635
-1.24812
1.92755
0.909653
1.64334
0.533068
0.778043
0.408766
1.57134
1.96093
2.29975
1.09433
0.575906
2.36361
2.5482
1.44695
1.14682
2.80979
0.658438
-0.990371
2.15556
0.934258
-0.668849
0.975993
2.78303
2.50709
-0.0196068
1.71761
1.27155
1.13405
1.18254
1.84598
1.19577
2.12515
1.72721
2.38167
0.596735
0.643855
1.60562
-0.468267
1.6484
2.00005
1.66873
2.45711
1.12458
1.50844
1.32758
-0.249866
-1.10309
1.3982
0.594725
2.52687
-0.762804
0.794208
0.136166
0.406288
-0.00323188
0.938594
0.377633
-0.300034
0.200887
1.39355
2.2256
0.605811
0.899449
1.91631
0.99416
2.45115
0.413294
-0.330303
1.09327
2.58038
0.524822
0.431951
1.11218
0.80163
2.01369
0.873088
0.569549
0.229538
-0.246858
1.63749
1.30223
-0.348065
0.436653
0.380471
2.06634
2.63581
1.31705
1.96694
0.443252
0.0792849
0.498932
0.961393
1.83037
1.39026
1.58684
0.699064
2.32387
-0.110484
0.132503
-0.870556
-0.287119
2.12493
-0.0757849
1.06362
0.380569
1.70683
2.36891
1.71231
2.13139
1.1466
-0.129184
1.81977
0.319543
-0.119955
2.57721
0.368261
-0.37562
0.766115
1.6175
0.1298
1.1954
0.502447
1.13059
0.883073
0.893113
2.04899
1.71453
1.07291
0.365385
1.31647
1.56083
0.992871
0.356722
2.09353
2.23907
1.49567
2.75844
1.75096
-1.51239
0.228811
0.540048
1.14086
1.5097
2.75387
1.94551
0.897082
2.88828
1.37762
-0.0358273
0.685897
0.534373
3.3561
0.986546
1.26978
1.70379
1.93826
0.584463
-0.407563
-0.329113
0.921273
0.392148
2.51834
1.46944
-0.695196
0.607535
1.0851
-0.286692
0.543196
0.374634
1.25914
0.705667
0.374257
0.5069
0.0541264
1.04577
1.95278
-0.557743
1.10753
-1.25789
0.884099
1.95601
0.454895
1.50736
1.94036
0.811922
-0.332637
0.0833398
2.68043
1.52383
1.91392
0.576312
2.02725
1.48893
1.72434
2.19687
2.16444
-0.821282
0.532062
0.68342
0.68529
0.522653
0.719203
1.18314
0.946351
2.0694
1.46833
2.77628
2.50162
1.81661
0.0271359
2.7097
0.801837
-1.1264
2.09769
0.7924
0.38682
1.20085
-0.272681
0.584764
1.31775
0.0228442
-0.279988
0.176744
0.489059
0.310049
1.27429
0.358759
2.54981
0.468212
1.46501
0.749365
0.597271
0.423146
1.44925
1.50303
0.98661
-0.141818
1.16315
0.0355114
-0.564461
1.76476
1.42524
1.35041
0.672057
1.19281
1.51025
1.69559
0.164052
-0.824742
1.21728
1.01267
2.09852
0.35496
0.543194
0.686713
1.11751
1.74324
0.230961
1.81631
1.31291
2.36034
1.0352
0.850684
1.06593
0.86048
0.743886
-0.551217
3.59649
0.0742282
0.85247
1.15872
1.75246
2.00285
0.800849
1.35562
0.336693
1.49593
0.846136
-0.531176
1.02789
-0.704988
0.658726
1.28595
0.38576
0.82789
0.256503
0.635142
0.721648
1.91596
0.418179
-0.136496
-0.276609
3.60763
1.69221
0.306437
0.46874
4.16222
-0.745849
2.68284
0.755125
1.62176
2.40273
3.59728
2.92851
0.661741
1.31353
0.533634
0.823699
0.11193
-0.158936
1.13243
2.06355
2.70314
2.40229
2.59107
1.45727
1.09042
0.100193
1.34153
-0.169308
1.93221
1.90206
1.85513
-0.252169
1.13265
0.384542
-0.13955
2.74229
0.262841
2.28232
0.268487
-2.22523
1.17971
-0.41788
-0.6056
0.519264
3.81473
0.669887
1.31248
-0.571025
-0.206209
-0.784473
1.14601
1.77173
1.8911
0.591728
-0.278202
0.338729
-0.550661
1.34886
1.617
2.86573
0.707379
1.13692
1.06836
0.801967
1.37752
0.570309
-0.769817
1.97514
1.38496
1.12679
0.578296
0.692777
2.45165
1.26148
-0.0884436
1.77106
1.57218
-0.113448
0.821009
0.533673
0.533488
0.36776
-0.402708
1.54141
0.906613
2.07846
0.108239
-1.01833
1.4789
2.27933
0.708457
2.00147
0.737524
1.16356
0.371844
-0.835399
1.13801
0.892402
1.53058
1.72305
0.505991
0.34928
1.44937
1.63228
0.615994
2.32375
0.415674
-0.744128
1.64521
2.13724
1.00533
0.924973
1.29318
0.0980335
0.725805
0.24203
1.08121
0.247545
4.07797
0.459694
1.21765
2.06696
2.95687
0.208013
1.5006
1.14135
0.509664
2.63266
0.95423
1.86321
0.308201
0.214925
2.58831
1.80301
1.32278
-0.265938
1.42862
-0.142778
-1.10059
0.654981
0.691752
0.689984
-0.483775
1.84256
1.23905
-0.0858187
1.13544
0.83316
1.56336
1.1228
1.31739
-1.88609
0.304822
2.38984
0.791963
0.771936
-0.0577813
1.09896
2.18049
1.57275
2.13801
0.118468
0.159291
0.358557
-0.486971
1.23261
-0.409081
0.594795
0.652019
-1.15984
0.978362
0.798107
2.78733
-0.214139
2.47328
1.42924
-0.13663
1.45784
1.44728
-0.0199523
0.44623
-0.483253
1.98873
1.48864
1.82519
2.32836
2.18649
0.316752
2.25128
-0.202506
1.11645
0.558594
4.29765
0.499023
1.53407
-0.219477
1.25864
1.70985
0.595034
0.68977
0.162195
-0.287337
-0.55181
1.4904
1.37833
2.15686
0.121273
1.00953
-0.49485
-0.0834727
2.04856
1.90833
1.88096
2.92887
1.52184
2.18593
2.87331
0.288705
1.05022
0.702079
-1.10867
-0.0348225
1.11782
1.64845
2.96598
2.26046
-0.420716
2.11125
0.240829
0.820822
1.37419
0.568775
0.0596834
-1.1711
1.96881
1.7574
1.51456
0.313427
1.43845
0.607669
0.395811
2.31482
2.18937
-1.32537
0.674168
1.42705
1.1247
1.11903
-0.261353
0.869665
-0.543149
0.56748
0.064045
0.955511
0.407711
1.87715
1.67212
-0.179688
0.66551
1.30025
-1.14038
0.215984
-0.187843
1.27162
1.43121
0.922372
2.16183
0.632038
-0.00761401
1.34749
3.40713
0.87259
1.59341
0.803329
1.11731
1.6739
2.09597
0.247722
1.39894
1.59927
0.944573
-0.919742
0.0537147
1.58009
0.900072
1.12416
1.91602
-0.187137
-0.999622
2.81088
1.46317
1.26977
1.6125
1.18719
0.889329
-0.457019
0.682693
-0.268551
-0.564992
1.23899
2.64739
0.967065
1.06974
2.52564
2.08778
1.14724
1.92714
-1.0826
2.16502
1.15189
0.486453
-0.635396
1.77708
-0.664525
1.84013
-0.0255665
1.81932
1.98364
1.98548
3.40902
1.39296
0.814813
1.26645
0.223239
2.6385
1.74503
0.563378
0.704121
2.13185
3.21222
2.16171
0.583466
0.376001
0.7483
0.0809046
1.57672
1.30198
0.0454528
0.135383
0.536313
1.25009
0.842812
2.9649
2.58037
0.547597
3.88212
-0.184192
0.127229
2.18665
1.52529
0.558937
1.46881
1.66415
0.522543
0.335099
0.729536
1.95115
0.990272
2.16094
0.675576
1.27235
0.291546
1.23892
0.448946
0.592083
1.76658
1.30616
0.275702
0.185964
0.637051
1.97393
0.491399
1.41416
0.44135
1.63525
0.576694
0.0949818
1.43561
0.998045
0.428286
2.40061
0.546069
0.581972
2.08945
-0.255965
2.57741
-0.532525
1.85476
-0.240721
-0.832692
0.439708
0.157891
-0.00304142
0.951569
1.55837
2.65504
0.753823
0.824245
-1.12972
1.55921
3.04009
-0.698734
0.0662067
-0.392937
0.0719192
-1.09311
1.03661
2.32073
0.82143
0.287803
1.40633
-0.627668
1.52615
2.99758
2.32874
0.957129
1.0587
0.930225
2.02112
-0.963378
1.00002
1.20391
0.417168
0.874148
1.23704
0.154328
1.33134
1.12832
0.278723
0.679488
0.288301
1.89249
1.51584
2.3863
0.834772
-0.747295
1.28234
0.718907
0.705436
-0.319206
1.11809
1.4857
-0.0598398
0.993837
0.571622
0.993629
1.76787
-0.0192954
2.85236
0.937925
0.0271401
1.84471
0.652086
2.12257
1.16692
1.11136
0.220443
2.81577
0.0131021
2.39219
3.13834
0.967011
1.13598
0.561797
1.40136
1.6371
0.26058
0.236455
0.226685
0.983334
3.86964
0.815996
1.21869
1.45329
-0.0248237
-0.350599
1.16812
0.763984
0.458102
2.77026
2.19324
1.23426
1.22735
1.04337
0.874796
0.392218
1.24582
2.19164
0.350475
0.274539
0.192294
0.214218
0.578804
1.2643
2.35221
2.06472
2.54715
1.30372
0.533767
0.717746
1.26954
1.75946
-0.133321
0.155498
-0.887716
0.898091
0.104503
2.60449
0.382799
1.57467
0.88746
2.1878
2.16571
0.453473
1.30873
1.11912
1.31959
0.114286
2.12476
0.856401
1.27657
3.01258
0.666533
1.0687
0.960539
1.16818
0.214535
0.903138
0.457994
-0.0925489
0.968652
0.563407
1.57535
1.69227
2.17213
1.19458
-0.844559
0.813635
0.117417
0.32029
0.901361
1.0434
-0.928275
0.0211437
0.915127
2.50697
0.459574
2.44371
0.337378
2.02872
2.35274
-1.25412
2.72577
1.19724
1.03826
2.44311
-1.01733
0.154095
0.773913
-0.423999
1.11998
1.81689
3.08072
-0.116465
-0.0747974
-1.06554
0.657294
1.6679
1.2079
1.04074
1.53191
-0.555938
-0.0836767
0.757456
1.23908
1.06337
-0.230281
0.711601
1.44191
-0.882566
1.61207
0.644865
1.69777
-0.667502
-0.701455
0.863896
1.13349
1.11994
2.67578
1.634
1.65771
0.0657782
1.44797
0.901052
0.900745
1.09443
0.848054
0.12748
2.06439
0.290178
-0.206346
0.775851
-0.461027
1.4191
0.70708
-1.25824
0.499815
1.03188
0.96846
1.65323
2.73944
2.37105
0.962853
0.261987
2.20425
0.852405
2.14159
1.42013
0.934567
0.764462
0.630725
1.14223
2.11927
2.59058
-0.308247
0.532513
2.07587
0.382298
0.661573
1.07718
2.43001
-0.618447
0.220083
1.47435
1.951
-0.489853
1.41345
0.189182
1.03763
1.02436
-0.0493194
0.725437
2.52523
1.18836
1.27111
-1.04668
0.316513
0.576814
1.51087
-0.266932
1.46046
2.12811
-1.48007
-0.167218
2.1273
0.578439
-0.302239
0.714943
0.137206
-0.941874
0.174787
0.568435
1.72135
1.19772
2.92538
1.02142
-0.799717
-0.00157472
0.609681
-0.500154
1.42338
1.96491
0.361109
0.625562
2.37078
0.875615
1.00662
0.689444
2.24523
0.440746
0.386056
-0.295209
1.56756
1.43136
0.0272953
1.64458
1.36081
2.7142
0.815672
0.473776
-1.00337
1.4063
-0.904737
-0.272419
-0.592499
1.68101
1.80466
0.45219
-1.28002
0.550536
2.07846
0.778815
1.30432
0.524618
1.7382
1.47615
1.86744
-0.419837
1.06282
0.296865
2.10073
3.87631
0.717272
0.2162
1.35556
-0.354409
1.17078
0.472219
-2.38542
1.39408
2.68918
0.757365
0.777653
1.69951
2.51478
1.37237
1.80152
0.566927
0.735583
-0.476695
0.314272
1.87713
-0.162802
0.448665
-1.68473
2.07168
1.77357
1.52095
-0.435663
-0.301582
1.47355
0.26723
1.58079
1.15493
1.32409
3.46636
-1.13145
0.666064
0.652551
0.236592
-0.50301
2.31892
1.32985
1.97768
-0.448126
1.15261
1.77985
0.45257
0.981525
1.2992
0.66634
1.90897
0.921375
0.456417
1.53072
2.94004
1.00392
-0.534886
1.25632
1.47379
0.219275
-0.872081
1.0321
0.308018
0.126338
1.58018
0.293746
2.56458
-0.622323
1.11216
0.623374
1.34808
-0.176642
1.58694
3.24841
0.109591
2.91446
1.07351
1.08
1.40492
1.13301
1.01344
2.64284
0.177591
2.09824
0.913456
0.874146
1.70444
3.9562
-0.53199
0.556251
0.855743
2.7787
1.19336
-0.524432
-0.243476
1.69491
1.68976
0.831278
1.05707
-0.550403
1.99892
0.598824
-0.302688
0.152635
2.02704
2.00192
0.516108
1.65413
0.884744
0.643156
0.436024
0.974107
1.31787
1.58823
1.95362
0.0235347
2.54855
0.951196
2.41504
0.295007
0.558086
1.32951
0.255323
1.42867
1.51829
-0.305997
1.47224
-1.08519
0.257973
0.458393
0.31631
0.866158
1.23683
3.35713
0.386237
0.321205
-0.0461786
1.52594
1.15342
0.707781
0.838779
-1.38005
2.21859
0.607607
0.360409
2.38407
0.185891
-1.2916
1.33236
1.26634
0.285212
2.08345
0.961499
-0.0697643
1.02826
1.79161
-0.922853
1.53779
1.02963
2.47347
1.3251
-0.519345
1.19524
0.595594
2.58134
0.661601
2.12579
1.25733
1.14776
2.41912
2.00894
0.287796
0.545643
1.63449
1.57951
0.610469
3.36467
2.105
0.362731
0.669296
0.0948507
1.24659
1.36605
-0.40008
1.95791
0.0857601
1.1966
1.4734
3.21125
1.21102
1.70889
1.06423
0.792756
0.899377
-0.686222
2.26922
0.298911
-0.669083
-0.989125
0.803314
1.24922
2.42792
-1.26663
3.17903
0.424172
0.133488
0.92942
0.580221
-0.866087
2.24231
0.313837
0.942137
2.69007
1.23296
0.512503
-0.58138
2.01752
1.26074
0.897491
1.6074
1.48479
-0.17886
1.1553
0.469253
1.39253
2.19881
1.79948
0.233424
-0.541844
2.78813
1.83578
-0.638859
0.151711
0.0749687
0.731719
0.240192
2.04755
2.96811
0.688208
0.82326
1.14577
-0.487227
-0.691009
0.642276
-0.797684
-0.204043
-0.101447
1.66191
2.57355
-0.19075
1.50482
0.0103249
2.2794
0.203919
1.8901
1.61952
0.461644
1.50281
-1.25311
3.39011
-0.190621
-0.1357
1.01116
2.50267
0.518508
3.0698
0.147713
0.471085
2.42699
3.72408
1.06206
0.983762
0.89921
0.737555
0.232076
2.21356
1.89673
1.77357
-0.40109
0.412936
1.53748
0.781551
1.75032
-0.253941
1.33477
1.16154
0.773023
1.61017
2.0521
1.26643
1.0823
-0.744696
1.39036
0.318041
0.871495
-0.472269
-0.832017
1.0536
2.67596
0.972469
0.353874
0.00927249
-0.306921
1.74317
1.15945
-0.17467
0.813225
0.562894
1.11655
2.96204
0.703317
1.33015
1.94706
1.18339
1.94003
0.623951
2.13893
0.983511
-0.482016
1.03247
2.19295
0.795307
1.72316
2.32376
2.78193
0.112468
0.827259
0.154192
0.755304
1.65907
1.50692
0.542874
1.98205
1.61915
0.247467
0.797108
1.71936
2.68793
3.41468
2.49871
1.38933
2.5747
0.724978
2.09317
2.39081
0.412316
1.53797
1.89391
1.83687
0.335994
0.235916
1.87912
2.1711
-0.215326
1.18616
1.86603
2.99067
1.23122
0.170573
1.25567
-0.529482
1.21799
0.9817
1.99973
0.462519
1.48155
0.519759
2.37416
2.00827
1.39423
-1.06155
1.70917
-0.606029
-0.169247
1.47394
1.55098
2.28917
1.34847
1.40691
2.34508
0.297214
0.434327
1.42447
0.0307748
0.229952
0.569927
0.886098
1.30532
-0.366125
1.76786
0.366681
-0.260712
-0.0550574
2.09786
2.92774
1.17528
-0.280098
0.273855
1.6288
0.481338
1.08258
0.493718
0.823211
3.53395
1.80266
0.797599
0.228658
1.78521
2.65379
1.31438
1.53312
0.104922
0.979472
0.181537
0.258518
3.1921
1.07614
1.27768
1.60235
0.994703
1.26037
0.567591
1.45482
-0.458938
3.2622
1.86338
1.39167
1.92922
-1.73372
1.45528
-0.671656
2.0658
1.78639
-0.213671
1.39905
0.287266
0.687322
1.88203
0.651247
1.82594
-0.512113
1.0901
1.27523
0.969782
1.22693
0.93793
1.03104
1.01864
1.71068
1.56638
0.509256
1.86521
1.46077
1.62509
-0.246425
1.11969
0.478612
0.166629
1.40585
4.06947
0.818322
-0.845905
1.2689
-0.408414
1.03457
0.504939
1.07199
1.69667
-0.67407
2.39609
2.0989
1.93056
-0.548939
2.09245
0.467651
1.40138
2.25558
0.933961
1.99256
-0.922494
1.16499
-0.605168
-1.11575
1.33801
0.402511
0.438263
0.595554
0.607852
-0.160589
1.86543
1.51937
2.18459
2.8431
0.0244281
-0.552307
1.24628
0.420715
-0.177748
1.1092
1.71016
0.987045
1.16027
1.42837
0.210873
1.07227
2.47509
1.9774
0.437045
3.01821
2.66514
1.59777
0.817683
0.136417
0.629395
-1.48318
0.565341
1.3903
2.92199
0.0767417
0.14363
-0.264459
1.63769
0.796923
0.209299
1.5806
0.629101
2.01243
2.16619
1.65041
1.65792
0.228976
1.04666
0.717273
0.156637
0.17956
0.406792
0.936674
0.303359
2.02953
0.592939
0.26485
-0.145698
2.223
1.94108
0.230059
1.2804
1.18413
2.00179
0.908266
1.35299
0.492845
1.07796
1.96681
-2.0551
4.65501
3.06697
4.49513
2.42671
3.66033
4.57518
4.96884
5.29991
4.75625
3.10116
3.90456
4.10527
4.71691
3.33349
4.19748
3.68744
1.02149
4.37236
2.68349
3.1444
4.90805
3.6375
4.39373
3.46118
3.32281
4.01036
3.79949
5.24978
2.67248
4.26115
5.27837
3.94406
3.57082
3.97236
3.68912
3.9987
4.69862
6.69427
3.86733
4.2398
5.03543
2.64986
3.77013
6.15655
4.135
4.55958
4.31048
5.91248
5.21767
2.6957
3.10261
3.97055
3.47212
4.97964
6.35235
4.31457
4.84077
4.79835
5.48679
2.72022
3.06833
2.88612
2.89564
3.57353
5.11263
1.91619
5.93588
5.09453
6.01386
6.28665
3.32504
3.82253
3.64811
5.16517
3.70576
5.12259
3.91454
4.58128
4.5187
5.01965
2.40147
3.2673
4.43261
5.49142
3.25019
4.10851
4.09538
3.37559
1.97279
2.35149
2.34136
5.08323
4.66939
5.58028
3.62859
4.9914
3.96081
3.02013
6.96473
4.93678
3.91523
4.20515
5.29305
4.15307
2.92342
2.94312
5.3187
3.35831
3.92829
3.7851
5.02562
3.2803
3.91678
3.59682
2.98028
5.09805
4.77001
3.9446
2.76954
3.09305
2.9119
3.37973
2.20078
5.23422
5.74263
3.93417
4.4632
4.61713
4.16484
2.90254
4.58258
3.16032
4.64735
5.25853
3.66446
4.33497
3.42783
4.31169
3.35483
4.01792
2.82496
5.36717
3.31631
4.82668
2.07278
4.12682
5.20864
1.60788
2.90941
3.73372
2.51479
4.40648
3.56606
3.61756
2.59518
3.73186
2.56358
3.19949
2.95596
4.14292
4.8447
4.10966
3.69719
5.5718
4.0007
4.30261
3.73714
4.47773
4.01261
3.66617
3.65444
2.44389
5.00668
3.20163
5.38411
4.59618
5.02267
3.9883
2.21538
5.17544
3.9601
5.23614
3.54708
6.23182
2.94567
3.91593
3.37631
3.3422
4.8888
2.67533
3.61745
5.45769
2.61731
4.31705
5.25994
4.19462
3.00256
2.52601
4.17259
4.8911
4.05311
4.72522
3.35419
2.88139
3.35314
3.94555
3.36151
3.82628
2.26847
4.24041
4.73205
5.2013
2.76776
3.78566
3.71987
5.25492
4.41869
2.75945
1.96981
2.81125
4.18287
3.22679
2.97773
4.16125
2.87155
4.23414
3.04411
3.84463
3.07422
4.84726
4.37007
5.57403
2.71364
3.75526
3.60482
3.02688
6.01881
3.34408
5.12157
2.80317
3.90537
4.17492
4.95827
2.38294
3.49935
4.21641
4.2596
3.35521
5.96889
4.06416
4.56577
3.01743
3.43438
3.69909
6.25759
3.16756
4.11845
4.10232
3.91599
3.74322
4.67888
2.40183
3.50075
4.72935
4.97572
4.29868
4.36536
4.18861
4.57628
4.74764
3.07447
5.11627
3.98008
2.67595
4.82512
4.0554
3.54531
3.0766
4.96428
2.74473
3.96272
3.40457
3.78589
3.42173
4.85073
4.2003
2.16379
6.16381
4.18214
3.96715
3.86543
3.15119
4.40579
3.35458
3.76194
4.19699
3.50134
3.18665
4.60361
4.68352
3.82711
4.44827
4.23785
4.77665
3.65158
3.09986
2.85281
4.50512
5.88488
5.60895
3.13838
3.88105
4.51509
2.9671
3.14398
1.93439
4.98838
3.15071
2.17634
5.76287
3.21761
5.11449
3.31899
2.68366
2.81566
2.95293
4.50858
4.40117
4.77649
5.02082
4.36478
3.19064
3.62751
4.22082
4.0547
3.04746
2.12084
5.2552
5.64574
5.39084
2.8061
3.92945
2.09895
5.31808
3.72351
5.0721
2.96545
5.89564
5.1512
2.14455
3.57409
4.96734
3.01392
3.14445
3.73318
4.16168
2.57317
2.35695
3.91348
5.12076
3.48603
3.38034
5.7284
4.11217
4.73421
3.19909
4.17942
3.36599
3.65265
3.75585
3.37786
4.57595
4.65097
3.9235
3.77829
2.57231
4.50482
4.90936
2.45308
2.39002
3.6137
5.06288
4.06943
2.46408
3.0414
2.77091
5.10568
2.3161
2.70006
5.16782
4.79535
2.53701
4.97654
4.64691
4.00999
4.77482
2.96421
1.26357
3.3357
3.48868
4.00865
4.05223
4.6961
4.54719
2.77455
3.74485
3.78071
3.80864
3.45131
2.71493
5.74927
3.70969
5.09766
3.57019
5.22856
4.22343
3.56261
3.15645
5.1379
3.92421
4.29394
3.33635
3.59237
3.504
1.73336
4.08744
4.31295
4.78945
3.91286
3.22617
4.2098
5.15159
2.16247
3.58852
5.45257
3.7619
5.23828
4.37768
5.76272
4.405
3.36229
4.7695
4.32718
5.21773
3.57905
1.90803
2.50899
5.06754
3.50925
2.30704
4.69643
5.32072
2.59349
3.16534
3.26208
4.98091
2.69528
4.87371
3.46102
3.72965
3.84881
3.89713
4.31216
2.6761
5.9628
3.67903
3.42987
2.81208
4.26488
4.80016
3.01917
2.58265
4.66623
3.52688
3.65054
4.281
4.44184
2.459
3.2405
2.94465
1.82566
4.4777
4.53866
3.35259
2.8803
3.21142
2.54554
5.05701
3.74874
5.05086
2.44138
3.48423
2.16881
4.76717
3.57486
2.7339
5.20989
5.43216
4.27658
4.58582
4.18109
4.02189
4.11309
4.61834
2.97449
4.1583
4.26325
3.95483
2.74027
3.3463
3.96924
5.40859
3.02119
4.60278
2.36679
5.37707
4.1752
3.47743
3.55807
4.43285
3.27572
3.53568
3.20771
3.23665
3.2884
3.53535
5.26613
4.43459
4.31563
3.8843
4.42629
4.47967
5.27764
3.58972
6.44584
3.84885
3.14654
2.07235
4.23523
4.36668
1.38914
2.34303
2.81069
4.04707
5.11748
3.21505
4.95965
5.91739
4.04388
3.94937
3.92554
2.74735
3.99217
3.86334
5.37486
2.98576
4.17555
3.07198
4.3591
6.08074
6.16669
4.48581
3.84958
4.49037
2.15853
3.29717
2.55688
4.13051
3.2991
3.56686
3.95772
4.95483
3.1584
5.54496
3.77245
4.03521
4.9366
4.51627
2.60309
4.67793
3.96583
6.11489
3.93955
3.68876
2.29435
5.16658
4.66862
3.03406
4.60375
4.65555
4.03844
4.69427
4.28881
3.95586
4.68098
1.80668
5.67264
3.91628
5.17733
4.20101
6.48636
4.2824
6.8048
3.09841
2.78942
5.07807
3.29793
2.4881
3.2943
4.2702
3.13596
3.89431
4.0158
3.44225
3.77077
0.899476
4.13331
3.90638
2.16386
3.1159
4.40834
4.1863
3.07969
4.04587
4.28912
4.22908
4.31393
4.44252
4.2163
4.89669
3.20531
4.62464
3.63451
3.63004
4.19039
4.39552
5.36942
4.07441
4.74716
3.43172
4.30549
5.59309
4.37306
5.91622
3.44887
3.40206
0.590128
4.36753
2.76977
2.73753
4.80526
4.42483
4.61333
1.59708
5.8567
3.95139
3.28307
4.65276
2.39096
5.57167
5.59556
4.1412
4.50778
5.63814
4.61607
4.17947
5.89024
4.89208
4.17046
3.5282
3.64488
2.76967
3.88466
3.83871
4.16442
4.10144
3.13803
3.35022
4.23713
3.31759
3.59447
4.20199
4.52434
4.46062
2.66965
2.74952
3.98939
1.57975
4.52897
3.90481
4.59787
5.40893
4.46498
4.00415
3.16004
4.66891
4.07623
2.89711
5.55314
4.68051
4.28759
2.39365
4.91851
5.98719
5.33787
2.88124
1.97186
5.32877
6.46776
4.19162
5.79773
2.88585
4.08317
4.27821
4.52592
2.44354
3.51799
4.52881
4.0977
3.51352
4.30903
4.4149
4.727
2.95437
2.91262
2.99763
3.51889
5.03091
2.41379
2.84795
2.44119
3.16644
4.7656
3.60244
4.94466
5.6692
3.39357
2.94353
2.46401
2.85864
4.14148
5.42076
5.31268
3.43606
5.56859
4.59372
3.26849
2.04067
4.42503
4.86971
4.18463
3.49465
4.78795
3.39335
5.48416
2.05949
3.08953
4.26582
3.69802
2.4486
3.71524
4.56405
3.13416
2.08042
4.42821
5.03499
4.47743
4.79624
3.75207
4.8888
2.78081
6.31308
4.83592
4.04358
3.23213
5.33091
3.45947
4.01929
4.8899
4.60016
3.78018
5.7596
2.93927
4.79106
4.51476
5.26239
4.10306
4.51787
2.20816
4.34924
3.22583
5.18659
5.04918
4.29448
4.14586
3.17437
3.7283
3.72622
4.23508
4.40063
2.60683
4.13919
3.67244
3.51079
4.64218
2.8299
3.47793
3.98203
3.35528
2.84074
3.16319
4.64046
4.04494
4.67117
2.746
4.30481
3.79894
2.19507
2.59146
4.16588
3.82987
4.31245
3.16331
2.58094
4.86759
3.05949
3.07193
4.80694
3.18426
4.34011
4.62302
4.38396
4.01618
3.70212
3.34237
6.01972
3.7954
4.97358
4.95504
4.39696
4.31226
3.23509
2.69568
4.67376
4.5119
4.35791
3.93742
4.11765
4.0502
4.18767
5.80935
5.31072
2.4112
3.21358
5.83598
3.61174
3.67595
4.22537
4.35506
4.98995
2.71723
1.98743
3.83449
3.46049
3.88532
2.51797
2.83246
2.70718
3.40321
1.93158
4.36616
4.63886
3.33859
6.89753
2.50187
3.83084
3.90606
3.35838
4.96934
3.81785
4.0004
4.30932
4.17584
4.39192
3.78266
4.40821
5.21249
4.21698
4.03616
3.15066
5.47152
3.63031
4.5622
2.39614
5.84061
5.27947
3.75321
4.28763
2.84001
4.69523
3.54854
3.37974
3.49788
4.05773
3.51872
3.75324
3.57855
3.44838
3.32006
3.9346
3.83746
3.50433
2.53674
3.18281
3.29647
3.97954
4.97314
4.32283
1.94934
3.3388
5.60911
5.83127
4.05556
5.53083
3.27187
2.97649
2.82042
3.03073
3.43235
4.39851
5.58084
2.81389
4.9497
2.48652
4.566
3.59829
4.39669
3.53722
4.86692
4.69346
6.06595
3.42253
5.87899
3.38245
5.13369
6.37603
5.87997
4.73481
2.58862
4.08642
4.22892
2.80351
4.16395
4.93203
2.87007
3.3047
3.99977
3.19089
4.09409
3.11248
3.97358
4.63139
5.31492
3.56123
5.03129
5.08974
3.29001
4.97299
4.93502
5.45914
3.65123
4.11502
3.20311
4.56851
7.60929
2.86111
5.55519
3.95932
3.27083
4.14826
2.72431
3.51248
4.11873
4.67442
4.08829
2.55218
4.90202
3.34125
3.66151
4.88176
4.64106
4.36493
1.97026
5.03479
4.49759
3.66975
3.78015
3.6505
4.39923
5.11513
4.90242
3.26154
4.43747
5.40217
4.35499
3.19768
3.97032
4.92524
3.63522
4.66404
3.33724
5.49624
2.49928
3.45343
3.8484
3.48771
4.02208
3.38036
5.0477
4.35671
4.34363
5.69932
4.92314
3.58652
4.66542
3.14445
3.23645
3.10103
3.11323
3.59883
4.36514
4.74578
5.62886
3.72171
4.46228
6.67827
4.65459
5.34562
4.87488
3.70812
5.08527
3.82747
2.41042
4.05826
4.48687
5.13259
2.12411
3.98343
3.97507
3.02087
2.79986
3.9821
4.49573
4.39281
2.88795
3.97264
3.72645
4.31781
5.60927
4.39093
4.44876
3.98749
5.42272
4.42606
2.85174
5.07866
3.30648
2.97591
2.13243
3.79841
4.10308
5.52414
4.39375
3.62879
4.46628
3.32867
4.1004
3.67271
3.79581
4.63069
4.35083
4.67771
4.30195
1.43837
3.67646
4.06203
3.63759
5.36377
2.69416
3.91788
4.8935
4.45589
4.46723
3.05912
4.02001
2.64474
3.64587
1.65015
3.05797
2.14676
3.19298
3.84259
2.8752
5.20754
4.96917
4.12683
4.12121
2.85378
3.91079
4.00693
4.39487
3.91566
4.24048
4.71209
2.09647
3.84626
4.95637
2.85909
3.45043
4.06966
3.27849
2.96508
4.41866
2.71145
4.56106
3.63533
3.59501
5.17163
3.82642
3.32202
3.1186
4.48972
4.42264
3.94745
3.22664
3.63476
4.46676
5.12181
5.12666
3.04708
5.41416
3.95306
3.46953
4.48027
3.75428
4.16903
4.6769
5.55533
4.50492
3.19093
2.40296
2.81574
3.47268
3.63762
4.06237
3.89574
5.76607
3.16667
4.92942
3.86326
3.34058
5.07577
2.8934
4.34846
3.67096
4.52826
4.9959
3.25809
4.99955
4.03454
2.74284
5.49732
3.69077
5.74351
3.40171
4.02131
3.33134
2.99317
3.34717
2.19295
1.70926
4.98117
4.32918
3.08529
4.18694
3.20075
3.48393
4.62153
3.86441
3.51616
3.20692
3.21761
5.09163
2.69226
4.30908
3.22192
2.7253
4.61658
3.24996
2.73527
3.83044
4.66927
2.03757
2.19602
3.57641
3.11548
4.95483
3.60174
2.21443
4.11827
5.03679
3.54578
3.50342
2.34195
5.15876
3.24866
3.25042
2.61125
5.30793
4.07926
4.76956
4.84626
4.71839
4.58454
3.95629
5.02176
3.19541
4.36004
4.41309
3.8883
3.75853
5.08817
6.09276
5.56548
5.46554
3.30364
3.16501
4.61672
5.27796
2.48485
4.35047
4.4044
2.73133
3.90822
2.43545
4.16874
4.10608
4.30511
3.33163
4.28019
6.32057
4.15985
3.50172
4.57586
3.70561
2.78975
4.11838
3.06283
4.02105
4.40203
4.63326
3.70703
6.20849
4.90002
4.08202
3.11311
6.0238
4.82378
3.77534
5.46205
2.6866
4.74752
5.4835
4.91186
3.62701
3.98668
3.62121
4.11368
3.67017
3.44268
3.95663
4.09539
3.90861
5.50756
4.53737
3.78777
2.70237
4.5019
3.7683
4.63373
2.67585
4.7191
5.39183
3.66309
4.04896
5.13215
2.99135
5.20867
3.37596
3.78432
5.30616
4.47408
4.5602
5.52748
3.94068
4.61169
4.73719
1.75201
2.30031
5.97654
6.28232
5.59239
5.3771
2.90893
4.89623
2.94442
4.77902
2.53921
5.1052
3.67195
6.10306
4.69424
0.94993
3.6389
1.57884
4.48837
5.22878
3.98973
4.22509
2.85526
3.28284
4.38057
5.14891
5.00601
3.58231
5.17061
4.74105
3.43211
2.30066
4.42913
3.93222
3.42138
4.30238
3.95731
5.76917
4.89255
4.04909
2.40458
3.05341
4.39312
4.18456
3.12898
2.84843
4.58622
4.46885
4.12178
4.66899
4.91756
3.72747
5.89887
4.40677
5.69399
4.31395
3.55436
4.37437
4.74201
4.05875
3.14291
5.43312
5.49401
2.02814
3.92442
4.66835
2.0671
3.58148
3.76436
4.47177
6.05859
5.3186
4.9691
3.02898
3.70253
3.98595
3.48775
3.60152
4.83375
4.2053
4.99062
3.84262
2.74526
3.86252
5.06979
4.68118
4.60012
4.51413
3.68797
4.4145
5.35175
5.90446
3.89965
4.53997
4.65323
5.84494
4.44036
5.24319
3.73317
4.70924
5.9457
4.06619
4.81857
4.21923
2.35649
4.02143
3.08657
3.61585
3.53762
3.35687
2.92677
4.58864
3.03866
4.77129
1.88706
3.75055
4.18284
4.59169
4.12499
3.78915
4.68483
4.56965
3.78527
3.08662
2.7406
4.23946
6.13304
3.88858
4.62864
4.98885
3.49824
3.85139
3.29072
5.14588
3.13547
7.10057
6.29198
4.88328
4.11303
3.66484
4.35832
5.74902
1.94845
5.06965
5.27919
4.54728
2.8996
5.1221
3.68231
1.92018
5.73311
3.88924
4.74869
4.00879
3.60713
4.1008
5.28114
3.45434
3.06188
4.52255
3.01377
3.68339
3.99636
4.39282
5.63148
4.14909
4.05234
5.03294
3.85228
4.307
6.0904
1.08865
3.88866
3.75964
5.01074
4.24692
5.35539
3.46647
5.68346
2.28856
1.95939
3.07445
5.08153
4.50532
3.57701
3.9127
4.08325
2.93147
5.81318
4.69056
4.47376
4.29264
3.15706
3.36014
4.98034
2.34568
3.33159
3.96988
5.04799
2.12632
5.10969
3.29716
4.97719
4.04877
3.63492
3.10851
4.12192
2.63023
4.19535
3.22827
3.3594
1.99825
4.63678
1.73027
5.30546
2.51573
3.29208
4.40755
4.23868
4.76441
5.11188
3.10124
2.67212
3.92162
3.50971
3.82371
4.42256
3.61065
1.39317
4.13037
3.50285
4.65368
1.2369
4.20765
3.61346
2.89054
4.63009
3.43317
4.83633
4.42499
2.42271
5.49077
3.78671
3.69005
3.61493
6.54587
2.54638
2.7236
2.04989
3.57906
3.07664
4.93362
3.11274
3.84062
5.04622
3.76743
3.05174
2.30977
5.65643
5.02121
3.36922
2.85831
5.4551
4.27301
4.03921
4.31655
4.26895
3.45803
4.06997
3.72017
3.67979
5.11811
2.65504
3.40195
2.99162
5.23941
5.26655
4.18956
3.66592
4.61854
3.72479
2.29289
1.63273
6.04947
5.34279
4.0127
2.85058
3.13825
3.62698
6.37469
3.2574
5.07369
4.01218
3.88135
2.9468
4.51343
2.73929
3.38246
5.10364
3.94437
3.34613
5.51882
3.6339
4.991
5.17758
5.03477
4.46039
3.66893
6.81408
4.4028
3.09177
3.47256
4.69578
2.17158
3.49609
4.20127
3.22998
5.20016
5.23502
4.75329
4.14803
4.71537
2.53326
2.91302
4.66526
4.06649
5.21709
2.1686
3.6541
2.40353
3.99065
4.04829
2.36894
4.87426
3.91952
4.12441
3.15066
4.47734
4.46919
4.4334
4.57448
2.45646
4.78905
2.64698
3.73016
4.33031
3.0232
5.84054
4.96311
3.46259
2.70729
4.38478
3.34457
3.04113
2.80333
1.19133
3.14344
3.48072
5.1786
3.79926
4.22447
5.83911
4.36732
4.27983
3.80393
2.21351
4.08172
3.72215
3.83894
2.7859
3.98446
4.47249
3.59899
4.1511
6.82316
3.15414
5.52437
4.18127
4.02252
5.54924
4.57122
4.21208
4.26693
3.63013
4.23151
4.599
3.01792
2.83298
4.11267
2.98325
5.42858
3.89914
3.3151
3.92278
2.53955
4.92203
6.00194
4.07614
4.1173
5.08634
4.05772
1.64075
5.02046
4.62345
4.36487
3.52994
3.75671
4.17354
4.41723
4.04144
3.88417
4.0627
4.1551
6.10192
5.93767
3.3374
4.63048
3.88644
4.5307
3.93003
3.17289
3.18957
5.8067
2.04279
4.61398
4.13388
3.73674
4.95081
4.94036
2.36556
3.92273
5.73664
6.56473
4.63892
3.96981
2.32877
3.08343
4.72761
4.31906
2.33759
4.13313
3.69138
4.0481
3.06155
5.20912
1.85795
3.59821
4.42563
5.80008
4.98348
4.43186
3.33128
4.94521
4.55761
4.50812
4.26499
3.9278
1.35043
5.60094
5.53985
5.21443
3.58396
5.75617
2.89349
4.40705
2.11562
2.75815
4.15778
4.74864
2.38435
4.04551
4.14028
5.51386
4.43835
3.19733
2.43413
2.49621
4.81969
5.19831
4.42779
6.30892
3.41667
4.95749
4.87468
3.09878
2.52376
3.86033
4.77346
1.91761
3.80759
4.81246
3.7387
4.72972
3.59987
3.31867
4.99685
2.68788
3.90302
3.23353
2.66665
4.43695
5.36768
3.32587
3.46568
3.92454
2.64259
4.22971
3.95555
4.59841
2.61011
3.9747
2.23735
2.05822
5.81341
4.45243
4.40635
4.48144
2.95608
3.59614
3.45769
2.92194
3.02833
3.34513
4.45085
3.30545
6.03708
5.22896
3.21726
4.56315
3.69443
4.94959
3.95946
3.9237
4.05786
5.93947
2.0764
5.42268
5.46485
6.46326
5.02122
4.0001
2.89575
3.81601
4.67311
2.98195
4.75014
2.59011
3.82787
2.54602
2.80968
4.56039
3.7338
2.84516
3.7689
1.4415
3.80153
2.6341
1.92064
5.08024
3.65113
3.76845
2.77453
3.78544
2.99615
3.67119
2.83236
3.2985
3.49305
5.09451
3.20674
4.46939
4.92387
4.31789
4.25318
2.95851
3.55545
3.43292
3.86728
3.74103
4.27552
3.81806
4.84806
3.77563
3.95542
4.41163
2.63088
2.48153
6.31062
4.89473
4.30666
5.27484
4.14196
5.12025
4.50352
5.70437
3.90762
3.56644
3.36618
3.88397
5.55429
3.54611
4.15814
5.26575
4.51596
3.63743
4.90625
5.7615
5.52986
3.76573
2.72736
4.29788
3.12176
4.27184
2.30175
1.58911
4.06051
4.36918
3.7788
3.87486
3.24043
4.88517
2.73082
3.7611
3.80396
3.87069
3.70156
3.99208
5.71889
4.52687
3.92321
4.19382
3.51871
3.74325
3.88947
5.16569
4.3037
3.77729
3.7134
3.86715
3.10698
4.96091
4.05452
4.5844
3.09051
4.13396
4.0679
4.97928
4.18377
5.49764
3.14152
4.54971
3.85583
3.04789
4.27037
3.56066
4.57082
5.09017
3.15832
4.1449
3.27353
3.60708
4.03334
5.95516
4.2096
3.89681
2.78452
3.62405
3.01156
4.96824
3.56086
3.22267
4.64747
5.08933
3.66827
3.57282
4.34402
3.51483
4.95304
4.29644
3.61316
4.51993
2.7416
2.51387
5.69151
1.57686
3.32971
4.64393
4.68456
4.91481
5.58605
4.13873
4.33171
4.17923
4.87899
3.55188
4.78916
3.94457
4.30558
1.60331
3.40282
4.35152
2.80693
4.16346
4.70002
2.5601
2.98635
4.51507
3.42619
4.62401
1.40981
3.52683
3.40974
2.92898
2.58865
3.80867
3.59649
4.34234
3.90866
2.57793
5.21558
3.24069
3.11887
4.3051
3.97405
3.18858
2.89583
2.39912
5.33856
3.88151
3.26721
3.53485
3.33196
3.58695
4.24105
5.05284
3.65215
4.76708
3.04403
4.42955
5.05628
5.11253
3.30104
4.4562
3.49026
6.6953
5.17727
4.96714
4.75612
4.2756
4.06153
5.43223
4.25563
4.35713
4.59475
4.68508
4.15919
4.15232
4.57899
2.71121
2.85878
2.76486
5.34869
2.78823
6.69711
2.83142
4.50973
4.3379
3.5574
4.54806
4.17423
4.93932
3.72039
3.57862
3.30712
4.10873
2.33798
3.93591
5.14258
5.2525
3.83281
4.30459
3.04763
4.23207
3.92901
4.19406
4.34832
4.55429
2.77435
4.24072
4.21092
4.4709
3.33372
4.0215
4.27153
5.02998
4.69158
2.24994
4.61167
3.62009
2.39161
3.94062
3.81128
4.35239
4.29542
4.55667
4.44573
2.53586
4.7596
3.4448
3.65155
3.32928
3.0191
3.69084
3.86157
4.46459
4.61873
3.40013
4.41148
3.23254
5.29811
5.03439
3.60746
4.17718
3.04464
3.78577
6.38955
3.48718
2.67213
3.59359
4.41863
3.1227
4.05305
4.27202
2.08599
3.91326
3.69556
5.96166
3.37525
4.68694
3.97989
4.05218
3.27343
2.52642
4.82043
2.65502
3.21514
3.94167
3.70845
4.22633
2.63104
3.2257
2.8582
3.82219
4.31453
3.8394
1.16088
4.89354
4.37832
5.87914
4.18287
3.97208
5.91516
1.71711
4.27133
4.49045
3.7415
3.81575
3.76475
3.3952
3.19587
4.26824
2.33874
3.79904
4.14489
3.64905
5.8046
3.90211
3.03531
3.06194
5.38102
4.0626
3.42981
3.70777
3.79456
5.30549
5.55089
4.67466
2.00354
3.47774
2.50365
4.02569
3.30344
3.61262
5.50084
3.81977
4.90309
4.3854
3.62426
4.29017
2.69432
4.27117
3.40174
1.30897
4.3154
4.19351
5.12168
5.54478
4.15007
6.06414
5.36952
3.83801
3.82045
4.53776
4.83878
4.34131
2.54374
4.68846
3.90119
4.53319
5.83726
5.47054
6.13489
5.43627
3.57921
3.96392
4.85694
5.24374
3.8666
4.30109
3.99722
3.93917
3.85841
3.97123
6.23366
3.16364
5.23423
5.04903
2.75939
4.80625
5.06967
4.65015
4.18119
3.94481
3.20955
4.19278
2.30216
3.45063
5.2031
5.42997
5.6661
2.95144
3.82413
3.73773
2.40096
3.86855
6.27634
5.25004
3.87851
4.64268
4.4486
2.22377
3.66168
5.43942
5.01787
2.46113
3.02101
6.19245
4.75018
4.383
5.26805
3.30271
2.72373
3.5659
4.21515
4.43584
4.27342
3.60361
3.86933
3.52885
4.2072
3.05695
1.10214
3.46157
4.49813
5.59052
3.42487
4.33301
4.66645
4.36486
3.98559
4.94276
3.66395
2.80709
3.51623
2.98901
4.40244
2.12265
4.70773
2.61696
3.76586
4.65119
4.84903
4.18149
4.79181
4.03566
4.10728
4.22807
3.34026
4.71917
3.91317
2.68602
4.23166
2.63675
3.73989
2.66968
4.08165
4.22669
4.86157
5.0398
4.4201
3.37966
3.66109
4.4244
4.41938
3.59486
3.5222
5.11633
3.41331
3.35198
4.67522
4.86332
4.15899
4.26375
6.04364
4.73979
2.6186
4.15892
4.24685
4.77163
2.73785
2.4645
5.20497
4.05414
4.97434
2.63463
3.6813
5.03323
3.9614
3.78815
3.20851
1.89034
4.64458
2.76773
3.69963
4.08295
3.4041
2.90816
3.37949
3.28128
5.42585
4.82218
4.25072
3.58232
3.88319
3.45033
2.64232
2.14453
2.29925
3.70406
3.14124
4.62756
5.71208
3.56614
5.16597
4.47814
4.70986
3.45157
4.01544
6.43491
3.5695
5.39165
5.12637
5.36625
4.64906
3.37915
2.26001
4.35219
3.76555
5.10743
3.64445
2.88853
5.10831
3.54134
4.25498
3.18193
5.04103
5.55716
4.76098
4.98649
4.28441
5.19368
3.4462
3.20131
4.60931
3.35804
3.75054
3.2591
3.4268
4.19533
3.70561
3.59848
3.06165
2.38485
3.46172
3.37984
4.65986
5.27033
4.62157
4.72271
4.67859
3.33785
3.76296
4
4.1393
4.18584
4.35614
4.46813
3.14282
4.28426
4.82114
4.41466
3.8804
4.90632
4.84433
4.63725
3.65662
4.57696
2.99432
5.22321
4.20917
4.83976
3.60342
4.73423
3.93319
3.75696
5.57914
4.27368
2.87861
3.42403
3.39529
3.32739
3.53276
4.49944
3.35011
3.92971
5.07072
4.44423
5.60258
5.55494
4.38695
3.74901
3.24349
3.0232
3.14967
5.77826
3.32667
2.98384
4.27026
4.877
2.37779
3.67499
4.72227
5.14984
2.75471
4.01958
4.30954
4.75617
2.49775
5.4717
4.80194
2.29246
4.54646
5.41538
5.04524
2.83537
3.38123
0.740935
5.03786
4.84227
3.23523
4.3313
3.55136
3.2739
3.92188
3.22786
4.25972
5.14687
4.71805
4.25445
4.65199
5.74181
5.09281
4.05728
3.79376
2.59245
4.24639
3.6357
4.48239
4.14149
5.24484
5.28477
1.82238
3.71177
2.54124
5.00105
3.72874
4.92262
2.87184
2.83921
3.78912
3.67125
4.38005
4.9098
2.95107
5.29041
2.57784
2.55967
2.77651
5.21734
4.54957
4.44475
3.44316
5.05538
2.88375
6.22091
3.06986
3.63903
3.63554
4.87202
4.5056
4.22193
6.38435
4.64557
5.23793
3.37587
3.10153
3.97901
5.30585
3.57383
5.65755
3.88119
3.48766
3.86313
3.63077
5.70526
2.66554
5.73058
3.48084
2.30713
3.49325
4.09689
3.72996
2.64649
3.61733
4.76364
3.45192
1.19847
3.4914
4.32148
4.07122
4.45105
2.96158
3.18627
2.25597
3.97775
4.71081
3.28297
5.01196
3.04229
2.91919
3.85615
4.94499
3.51286
2.5428
2.7948
5.36286
2.87771
3.92722
3.61102
4.17867
4.52226
4.49412
6.28424
2.21583
4.50794
2.97959
3.08086
4.54353
3.14783
5.08097
4.06928
2.85516
4.00695
5.48547
5.66146
3.19281
5.46486
4.46443
4.46787
3.29622
5.00123
3.54331
4.56506
3.73132
5.43968
1.12701
3.20407
4.44974
4.49062
4.14063
3.06943
3.91582
3.15793
3.42968
3.78511
3.32234
4.48649
3.81734
4.27785
3.17924
4.52612
3.22037
4.90039
3.6329
4.6097
3.92802
3.84652
2.72965
4.10811
4.3742
5.57348
4.28767
3.39709
4.94937
3.65394
2.3883
3.75818
3.87737
2.76626
5.66061
2.87091
3.12185
4.38934
3.72064
2.89817
4.06361
5.80538
3.81921
3.59301
3.52145
5.52975
3.24057
3.54693
3.2754
4.45941
4.2624
3.65124
4.68465
3.54514
2.88837
2.51574
5.20138
4.93169
4.29071
3.26383
4.14066
4.79146
3.70952
4.47785
2.19268
5.46656
4.6958
1.82224
4.15363
5.64628
3.39697
5.21699
1.78647
4.72599
2.96421
5.74557
4.63785
5.19207
2.53457
5.13553
4.51835
5.17904
4.80477
3.31344
3.62583
6.00317
3.21724
2.37374
1.57919
4.00922
3.14514
5.15626
2.8781
3.66334
3.57965
3.7845
3.95408
4.198
3.84848
4.54164
3.36097
3.10934
3.561
4.53295
4.43086
4.27964
3.38529
2.26568
3.78757
3.55088
1.87356
4.74021
4.20397
2.87888
5.32745
3.8857
3.63168
3.15321
5.42256
4.68405
4.22371
4.74819
4.3343
3.45009
4.04919
5.01462
2.70729
2.00147
4.13276
3.46077
3.32545
5.67733
5.18073
2.9552
3.74067
5.03327
3.92151
3.90885
4.90958
3.6196
3.20756
3.72059
4.33051
5.23194
2.78154
4.10329
3.06275
4.47131
3.66062
5.94185
2.84243
3.24584
2.68084
4.33252
4.29466
4.20329
4.14846
3.62255
4.36612
3.62352
3.56801
4.43681
3.73716
5.63588
4.04053
4.53414
3.11285
3.50616
3.23838
4.53191
4.26015
2.98392
4.83542
5.90945
4.77312
3.62511
4.57763
2.92972
3.46418
3.24513
2.00762
3.19205
2.62594
3.815
5.2849
5.83753
4.61444
3.48957
3.60144
4.09087
4.06772
4.82458
4.25617
4.82709
4.17648
5.26311
5.96037
5.7797
4.97178
3.18524
4.33629
3.25778
5.1662
5.69397
6.03522
1.97204
4.84118
4.36
6.23964
5.22899
5.53051
2.9618
4.77051
5.99397
3.96046
3.24885
3.66407
5.49074
3.94886
2.82156
3.45441
3.76224
3.84443
3.6232
3.72124
4.36205
3.27208
2.87167
4.92191
4.40672
4.2946
4.01063
3.18018
2.29039
4.18195
4.08309
2.61959
3.98523
4.92353
3.26533
5.07297
3.46467
3.42846
4.01925
3.88546
4.90467
4.55968
2.1007
2.85237
2.43061
2.51048
3.39596
4.56228
3.8539
1.83077
4.13365
6.27112
4.16485
5.0844
3.24013
4.30518
3.91623
5.02111
3.64698
5.92173
4.36496
5.4121
3.1734
5.51257
3.00425
3.44994
3.77827
4.82092
3.97111
1.98614
4.07592
2.85997
3.64597
4.68363
4.53847
3.31623
3.21989
3.60394
4.96748
4.13925
3.13212
0.636433
2.53291
5.03755
4.42482
3.96136
2.64627
3.97078
2.87312
5.1422
4.63983
5.24109
5.39969
4.24495
3.34326
2.7647
2.7211
5.7571
3.55416
4.29296
4.58859
4.2529
4.72165
2.97396
4.36748
5.13686
4.89477
4.29869
2.26446
4.27635
4.31302
3.36148
3.46926
3.86186
4.86829
4.71236
2.02469
3.01459
3.18225
3.98395
4.24956
3.53195
3.0639
3.77658
3.58631
2.48894
4.83807
3.87625
3.86366
3.21235
3.89879
5.11726
5.09278
6.50179
4.40164
3.82187
4.20304
4.02022
2.83493
4.60519
5.07792
5.42056
3.55288
3.59167
3.56265
4.10041
5.1562
3.70731
3.93566
2.37327
4.31344
4.21258
4.68134
3.28623
4.72792
4.44606
4.0068
4.08783
5.02481
5.12246
2.92287
5.24708
3.20732
4.76888
3.95928
3.4411
3.77813
3.54342
3.5167
3.16845
4.7555
3.84613
4.196
3.55004
3.95698
3.39279
3.30204
2.55194
2.36194
4.62126
3.01531
2.82149
3.11016
3.38066
4.32004
3.949
2.20154
4.25926
2.09085
6.09331
3.5983
3.39918
4.02047
4.94798
2.54028
3.34393
4.70734
3.47579
3.12216
5.35556
3.31113
3.64445
4.66716
3.11449
4.65294
3.6781
5.80151
4.02858
4.55772
4.493
4.97837
5.6533
5.39162
4.7881
3.26467
4.08746
3.48406
3.63245
4.47651
1.75693
4.18941
3.95782
3.44507
3.43814
3.09235
4.61368
3.04706
3.93682
3.68639
2.69519
4.70407
3.58212
3.47953
2.67106
4.15488
4.20798
2.99775
3.31007
3.65347
4.02983
5.21755
4.36495
3.9343
3.17482
3.43261
3.9078
4.7943
5.10935
5.35988
2.88518
4.28787
2.42493
3.82785
5.27456
4.3615
3.27213
4.99208
3.4057
3.15537
4.08476
3.65072
3.40228
3.08043
2.71057
3.61418
3.85585
4.04835
2.19683
5.19921
3.96954
4.92487
3.30532
3.50134
4.20892
5.54759
4.8512
4.58544
4.71157
5.00395
5.43122
2.06461
5.94764
4.76348
4.06734
4.14859
3.66458
4.37941
3.43877
3.63881
5.48419
2.59344
4.1409
4.73577
1.99518
3.41857
3.13479
4.18613
6.1306
5.30275
4.26162
4.49185
4.87085
2.68045
5.36601
2.80253
3.81242
2.65768
5.1291
2.30433
2.98502
2.72445
2.76949
5.17336
4.26671
4.3663
3.99016
3.34903
4.42041
4.23858
3.77267
3.09825
5.36813
3.82773
3.35982
4.38896
5.41094
4.08697
3.90029
6.13935
4.57688
3.80919
3.40067
3.38519
3.68536
2.17887
3.51992
4.2264
4.7579
2.29897
2.90483
3.53432
4.1459
5.08154
3.72644
1.94791
4.61508
4.23785
3.93193
3.40653
3.46994
2.58081
2.90261
1.98919
2.98227
2.49155
4.42484
3.24207
2.99846
5.33863
3.35031
5.39492
4.05229
3.49244
5.26118
2.49389
6.20691
4.416
4.91348
3.52163
3.85497
4.33992
2.99421
1.74745
4.08186
3.36115
4.41177
3.39526
4.77399
3.03734
3.96076
5.64951
3.38849
5.45217
1.8436
3.94821
2.5608
2.40913
3.21704
4.52024
3.25883
4.22747
3.74496
4.5199
3.33114
3.52847
4.87168
6.25056
3.48275
4.53933
4.26864
6.33909
4.24642
5.76654
3.87544
5.27141
5.35684
3.8543
3.77612
3.28718
5.26059
6.5518
5.1208
3.30707
3.2185
4.44528
3.69072
4.12689
2.841
4.76881
4.40766
3.83026
2.36472
4.21685
3.87963
2.95478
3.2437
2.98574
4.4197
2.82481
3.33903
3.18235
5.83178
4.07339
4.21031
3.57905
4.86445
4.05007
5.00184
3.55709
5.18372
4.9949
3.99344
2.95891
0.464704
3.98626
3.59818
3.65562
3.09582
2.48661
3.51059
3.46814
2.93133
4.07405
2.7234
3.47724
2.64457
4.35825
4.25155
3.46181
2.08668
5.69575
4.76713
5.1556
4.20583
3.75092
1.7856
5.33532
3.65786
2.73502
4.40696
3.5723
4.12408
4.52523
5.27968
2.94019
3.71991
4.2294
5.15372
4.16332
4.41317
3.57098
2.80062
5.67257
3.97015
4.18342
5.81459
4.69153
5.0771
4.23628
3.59401
4.7716
5.10617
5.65589
2.73778
4.64876
3.09146
3.46607
5.85146
4.34749
3.0011
4.04383
3.51373
4.77079
1.81015
3.22738
3.42227
3.56555
4.60598
4.32628
2.34155
3.52075
4.55923
5.60233
4.13062
3.38109
3.56377
2.02425
5.49172
4.4572
3.47024
3.8969
3.86026
2.98078
2.266
3.76305
3.53245
4.27899
4.53361
4.88524
5.11234
3.51366
4.01521
2.5573
2.15633
4.82727
4.68993
5.44144
5.10932
3.58028
3.58201
4.53711
3.14538
6.44831
4.57515
6.24424
3.83937
3.4167
3.64485
2.58799
3.49343
3.74825
3.74862
2.80391
4.89176
4.13051
3.82017
4.30307
4.54488
3.61878
5.18084
4.45334
3.72348
4.68391
4.87152
4.9681
3.01489
3.75789
4.44456
6.32276
5.01767
2.14186
2.41953
4.07082
4.902
4.25795
2.29981
3.83202
2.90423
5.17317
3.77188
3.39098
3.73505
4.50067
4.52249
3.49509
5.4569
3.76772
4.9818
2.74327
1.94478
4.76969
3.81933
4.83972
3.7117
3.81991
3.1417
4.29287
3.44317
4.40306
4.44477
1.03531
4.46402
4.1782
4.61712
3.07432
3.03594
5.55587
4.59914
3.59407
3.24486
3.00414
3.95262
4.53065
3.28527
0.962022
2.17585
5.13232
4.31482
4.63393
4.82328
3.58967
4.61972
3.76131
3.83315
3.62848
2.08285
5.20921
2.70216
4.12112
2.66679
3.60379
3.49387
4.26945
2.82167
3.85564
4.51062
3.16649
3.92554
2.79371
5.14259
5.32357
4.16225
3.58923
4.5876
3.64075
3.98179
2.7127
1.23284
3.06845
3.94814
2.94732
5.25524
1.81976
1.44621
4.14624
2.657
3.35038
3.66165
4.3529
4.08572
3.68297
5.53406
2.0567
3.5831
4.59195
4.14892
3.9019
3.99742
4.3853
3.6658
3.84597
4.18709
3.0653
5.46211
4.38848
5.48729
5.06544
4.0478
4.12383
4.05351
4.73267
4.25804
3.44311
3.58243
2.9965
6.66706
4.40142
3.22046
2.04989
5.07509
4.43961
5.46258
2.2364
3.42757
5.08208
4.28884
3.98933
4.00179
4.20217
5.35419
4.36086
3.78368
5.0515
3.77926
2.91258
5.10044
4.05646
4.00629
4.11065
3.32391
3.81926
4.85343
3.86803
4.01877
4.19633
2.2177
3.50699
3.1922
4.81721
5.33586
5.95549
3.83132
3.80515
3.8872
3.70962
4.69223
3.0662
2.76175
2.72145
3.27799
3.90581
2.82589
4.94792
3.161
5.0195
4.21141
3.98441
3.40349
5.93007
4.56758
3.51153
2.7762
4.67183
4.83793
3.81979
2.12593
6.44854
4.32864
3.30704
4.9896
5.37054
4.91667
2.8937
4.32096
2.43687
4.52067
4.44466
4.87761
4.3712
2.83346
2.39476
4.4619
3.56687
4.1373
3.13423
3.44248
3.47171
5.08685
2.59852
3.07062
3.02538
3.47015
3.74371
3.38792
4.3949
3.45623
5.44867
4.19685
3.07995
3.42816
3.08718
4.20034
3.82541
4.58378
3.30032
4.16953
2.94551
2.8154
3.40675
4.73533
1.07639
3.43906
5.76504
4.10891
4.08525
3.35911
4.51406
3.04871
4.1643
1.57699
3.39064
5.24335
3.68045
3.28653
4.20953
2.95413
3.58177
3.14214
6.76676
1.60784
4.54576
2.95012
4.77229
3.26781
4.8137
4.32615
2.49273
4.57738
2.98187
4.32976
4.28183
3.05472
3.49742
2.74579
5.4574
3.1251
5.07949
5.23466
5.4154
4.18984
3.60899
3.67326
4.8841
3.93729
5.24837
5.93141
3.44052
3.31356
3.64063
3.61161
4.04922
4.27206
4.3148
1.86743
6.13689
3.92598
3.80014
4.36218
4.3729
3.88079
3.16826
4.45344
1.74222
4.73659
3.7424
2.54298
5.09846
3.86921
3.95077
3.98712
4.56434
4.29938
5.08304
3.17001
2.9064
3.7653
2.67691
3.66144
2.18536
3.43426
6.70669
3.96839
3.139
2.37435
2.5413
5.07643
3.72982
3.23219
5.14766
3.94873
5.50393
3.24222
4.63491
4.92107
3.5655
3.65007
4.56902
2.57885
5.52547
4.22513
2.82281
3.90208
3.56269
4.60208
3.84059
4.58633
5.21651
5.25173
5.86665
5.03856
2.33182
4.95889
4.24746
4.44689
4.06513
5.097
3.35852
3.64958
3.3693
4.25138
2.70172
4.01091
6.00941
5.15361
4.45039
2.88158
5.17453
2.69073
4.69607
5.00608
2.63535
1.94828
2.59138
4.12384
4.03322
4.3192
4.50034
4.66059
2.72255
4.36772
3.69449
3.84526
3.50162
4.75452
5.27108
4.52493
4.27474
3.05809
4.29549
2.03635
2.6725
3.53815
5.36723
4.59693
3.41079
4.06902
5.19901
5.68132
4.31202
4.33941
3.74483
6.00746
3.27558
4.60854
3.0798
3.17585
3.96328
4.28552
3.8092
4.06197
5.26929
3.10678
4.92229
4.45853
3.27398
4.39294
3.07215
2.00137
2.84338
2.74152
4.07299
4.47312
4.86246
3.22972
4.01709
5.8931
2.98969
3.73812
4.53022
4.98891
4.38727
2.82975
3.75537
1.86943
3.07895
3.02425
4.73113
4.90535
3.00243
2.24706
3.42222
4.27188
3.32404
4.93684
4.26794
5.67837
3.47093
3.32908
3.47185
3.93749
3.39179
4.57158
4.53084
4.32438
4.08964
2.15332
5.87309
5.10659
5.32016
5.9747
4.22795
4.22126
3.86648
2.80036
3.5604
5.7701
3.28319
3.49752
4.31155
3.37549
4.74715
4.99871
2.73908
4.31766
3.37414
5.79288
3.61305
5.44256
3.84526
4.23754
2.38203
6.23028
5.2057
3.47838
3.79903
3.18254
3.71013
5.51566
4.81534
3.55397
5.22778
2.388
4.4622
5.36033
4.92416
4.53317
3.67443
3.0996
2.57567
5.17572
4.23277
3.97006
4.28977
3.62345
5.52206
5.81565
3.67754
2.88267
3.64594
3.24612
4.52605
5.44615
3.17449
3.6884
3.55541
5.2181
3.82944
3.88131
3.5009
3.5177
2.52232
4.79866
4.03754
3.62972
2.86168
1.17694
7.2072
5.29595
5.03189
5.42808
3.45712
4.48035
3.0659
3.40379
5.46236
4.9014
4.86081
4.04788
3.59139
4.32786
3.18084
3.75316
6.18238
4.28721
2.95011
5.66477
4.14102
4.57521
5.04282
3.68431
5.91247
4.03656
3.20384
3.55691
4.13286
2.14593
4.0826
4.46994
4.18581
5.6744
6.5956
4.25444
3.77576
3.98818
-0.392676
3.64824
2.97339
3.00057
5.18523
4.19198
3.38945
4.14315
3.12843
4.03403
3.28228
4.47268
5.12749
4.34636
3.6573
2.80532
3.91519
3.56778
4.05308
4.5139
3.02611
3.36045
5.70683
3.20279
5.03482
5.36808
4.34209
4.56457
3.368
6.15795
2.92752
2.72188
3.64659
5.12931
4.1011
2.01573
4.54319
4.82801
3.17217
4.66028
4.94925
4.71265
6.88095
4.67223
3.18999
4.11507
4.36836
4.41362
5.72058
2.41179
2.60894
3.239
3.88708
4.67292
3.9153
3.36773
5.13261
4.54736
3.04034
3.32387
3.4608
2.65883
4.90594
3.80744
2.4658
3.20387
3.89952
2.51608
4.66129
3.59572
2.3592
4.79335
4.54485
4.3522
0.870547
4.69129
3.82539
2.50485
5.37173
4.41829
2.81589
4.79843
4.42023
3.85393
3.36802
1.83889
4.99927
6.23211
4.5428
5.44873
4.56876
3.28557
4.10795
4.72054
4.25028
4.03925
4.07606
5.1625
4.29698
2.9175
3.22137
2.60619
5.29533
2.52608
3.64841
3.26803
3.35321
4.21725
4.05434
6.02495
3.85631
5.694
4.02938
4.94874
3.81202
4.96765
2.96261
4.69834
3.44439
2.90593
4.03572
2.5644
4.76498
4.43848
2.59673
2.54324
3.94348
4.53789
3.74031
4.17371
6.49442
3.44694
2.77021
3.09185
3.60062
2.77068
4.88736
4.06108
5.48691
0.799908
4.10204
1.64569
5.41044
3.94661
4.75858
4.04727
2.90834
5.46907
2.61984
4.71573
5.74256
3.06458
2.84505
5.04474
4.28768
4.59737
4.40841
5.48192
2.86318
4.20216
4.76407
0.766274
3.16118
5.02047
4.66975
2.40432
5.95961
4.3198
3.06335
3.9868
5.22184
5.83116
7.83171
3.14951
4.22477
3.54622
3.36551
4.18967
2.34292
3.15139
4.57269
2.9837
4.11149
3.28484
3.65942
3.30171
2.27984
2.85392
2.48476
3.37281
3.60573
5.22636
3.29519
3.87472
5.73356
6.79679
5.28303
4.33923
4.42546
3.8271
5.20087
3.91873
3.21395
3.30844
3.44417
4.63115
4.01821
4.07228
5.66714
5.77326
3.16936
1.94151
3.96027
3.86908
2.92052
2.49525
5.31496
3.67204
5.32066
5.02523
3.8006
5.16224
3.58648
1.87104
1.89317
4.9574
4.51631
3.57954
5.54057
4.27449
4.07814
3.01813
4.09354
4.63307
2.67533
3.15347
1.81932
4.29206
4.25835
4.37502
4.45259
5.43174
5.37248
4.87764
4.91355
3.61282
6.04384
4.28989
5.13649
3.42148
4.219
4.85504
4.25751
2.99243
3.65118
3.99587
4.16471
4.05616
3.39531
4.34342
3.70411
2.76783
4.13951
3.58908
3.5106
4.39323
4.19657
5.05041
2.2609
5.86529
4.55328
3.90936
1.87857
3.53476
4.06049
3.92107
3.2133
5.65435
2.69341
3.39439
4.4887
6.50673
4.338
3.76193
4.27754
3.92388
4.07686
4.13465
5.5837
4.47686
1.81713
3.35714
4.15519
4.39581
3.49108
3.47729
3.75085
5.19501
4.5758
5.23909
4.77634
4.05623
4.63378
5.28796
2.58598
4.34033
3.84677
3.84381
3.82748
4.37272
4.74168
2.16194
5.11496
2.45144
2.84014
5.15113
5.45377
3.73067
3.48211
3.3621
4.6829
3.44323
4.45273
5.11969
1.95662
3.78665
5.31768
4.36692
3.90054
4.82556
2.33098
3.20529
3.85936
4.17931
2.82305
5.69766
2.66629
5.25772
2.0772
3.6112
3.93471
4.7069
4.24136
3.73932
4.59338
3.34838
3.12786
4.43208
3.60745
3.85807
2.52335
4.12364
2.34454
5.2207
1.51222
4.99513
3.57719
4.73431
3.54391
4.0023
3.78393
2.13571
2.3494
3.8763
4.27987
3.52133
4.11964
4.56344
4.90677
5.14748
4.45579
3.39302
2.092
2.27617
4.47524
3.58183
4.04523
4.99438
4.9473
3.23622
3.84984
3.14588
4.08629
2.96629
5.37827
4.89681
4.19012
5.6385
3.31793
5.18679
6.69717
4.51852
4.72233
3.127
4.9565
5.47771
5.47449
1.45714
4.1234
4.7807
3.13916
3.78913
0.744525
2.76222
3.69216
5.84043
4.71322
4.7598
5.24646
2.82645
4.19263
4.13628
3.18651
2.97689
2.63805
2.84187
3.98536
2.98966
4.70548
4.1284
4.06179
4.72006
5.18855
3.94929
2.93803
5.57108
3.1445
4.84298
3.63842
4.11358
4.44677
3.17976
5.82391
2.73663
3.3546
3.41137
4.63453
4.25407
5.37874
3.17957
5.32962
4.32651
5.41033
3.32684
4.70087
2.94916
2.51611
3.13063
4.90937
2.49131
3.96965
3.26791
6.24542
4.58411
1.39418
5.09808
4.18759
4.96957
3.43405
3.82373
4.26912
4.67079
3.78311
4.30813
3.59271
4.08856
4.82735
3.86418
3.327
4.22563
2.22354
3.41628
5.75241
3.28337
3.04936
3.7301
3.20684
3.55184
3.40531
2.67383
6.64762
3.52554
4.42475
3.70303
4.77606
3.76496
2.72057
3.68061
2.98052
2.80415
3.3377
3.19893
4.74796
2.90583
3.60811
3.6141
4.09494
5.53683
2.98334
4.44406
4.3047
3.72796
4.08793
6.44207
3.4422
3.02758
4.79202
3.92733
2.47214
3.75795
3.69904
3.8687
4.07964
4.96853
3.83643
4.21256
4.85862
6.50846
3.57548
3.86171
3.94169
3.89947
4.46348
6.62344
5.39575
3.93286
4.11667
5.24458
3.26781
2.85082
2.65515
5.43831
3.79082
4.72413
4.23464
3.22771
5.11389
2.90796
5.89377
5.35529
4.18463
4.36221
3.93362
4.12367
3.81818
6.08261
2.93049
4.32253
4.61627
5.26473
2.66475
4.39179
4.93479
5.22004
4.67717
4.88785
3.72431
2.49173
3.69562
3.45415
4.03435
4.55853
5.52379
4.47417
3.10614
5.799
3.32352
3.65253
3.31238
3.94497
4.09387
4.01013
3.50461
4.92541
1.72584
4.34764
2.57605
3.96685
5.18362
4.60439
4.90742
3.32358
3.48087
5.40791
2.94717
2.40143
4.42558
3.60194
3.94374
5.15928
3.96081
2.89767
4.57168
1.82796
2.02778
4.55037
1.67885
5.43181
5.02124
2.7007
4.94416
4.30299
3.58542
2.27115
4.80324
4.29651
3.40104
3.63367
3.59468
3.63213
3.14387
3.58541
3.68106
1.9979
4.19902
2.61455
3.78572
3.84522
5.05034
4.20429
3.1179
6.28308
3.27469
3.97127
3.98002
3.19538
3.57404
4.2616
4.48324
3.37291
4.37321
4.0517
6.05668
2.9313
4.01773
2.66913
3.54442
3.67119
4.88304
2.44749
3.81594
4.41091
4.38347
3.47039
4.8839
4.74224
4.14302
4.51128
4.63987
3.70211
4.86315
5.67325
4.09149
3.78043
3.8211
3.37611
5.04716
3.70447
3.58389
4.15589
1.96393
4.08236
5.24942
3.78308
5.31243
3.47688
3.58716
3.48366
2.48353
4.2666
4.72041
2.05856
4.09564
4.70074
3.82683
4.49957
2.48192
2.8212
4.09118
4.38851
3.00169
2.76673
4.54658
4.85159
4.78562
2.53417
3.76179
4.82045
4.07093
4.9334
4.47415
4.4173
3.00389
5.08526
4.50773
5.19179
4.56533
5.05908
4.95434
3.75436
3.29514
3.25294
4.3158
3.08053
3.58235
4.63053
5.57756
2.28811
2.36819
3.09817
3.74692
4.84784
2.63193
4.05868
3.54353
4.38973
2.99521
3.35526
3.84479
3.11963
3.12519
5.10569
3.6835
2.46562
4.21904
4.10023
4.71374
2.95557
5.11705
4.42471
4.26453
4.5914
4.28657
5.35868
6.23474
3.24926
2.1255
3.8401
3.82535
4.18961
4.53652
4.8732
2.78392
4.86735
4.31533
3.92062
3.71209
3.06462
4.70622
3.59179
5.44547
3.74835
5.65042
5.51804
4.76791
4.69547
2.44756
4.68548
3.27962
6.99612
3.60093
4.3463
4.06789
4.72982
5.47756
3.4405
4.21026
4.33569
5.55294
3.87923
4.63498
4.74997
4.52397
4.1216
5.35463
3.3507
4.58287
5.46658
2.51873
2.88817
5.1997
4.38454
3.50253
3.99355
2.15101
2.84611
2.7691
3.89205
2.61489
2.99497
2.23872
4.25908
3.84149
3.88552
3.03955
3.22522
2.85155
6.14325
3.72329
1.04617
5.0955
3.93312
4.42542
3.7877
2.69598
2.56984
5.34159
3.38066
2.70473
4.06148
3.58639
4.88362
4.02162
3.17701
3.04665
2.91145
4.48777
4.74525
3.74547
5.30937
5.09852
3.15481
4.66188
6.2751
3.60555
4.29623
3.96882
2.32221
3.45558
4.19107
4.53377
4.48864
3.28934
4.58967
3.8332
2.68331
4.79164
5.28307
4.0031
3.99277
4.51266
4.17856
6.79229
3.60438
3.791
4.38611
5.35089
3.31879
3.25549
2.04479
4.56631
3.5669
4.41714
4.69008
3.53545
3.6693
4.0599
2.65604
4.59455
3.97171
2.0933
3.25922
4.62252
3.44356
4.59763
5.63002
5.05322
2.96578
3.80082
2.80252
4.77851
5.1093
4.53656
4.2298
4.84608
3.1704
3.02028
3.46161
4.18825
2.48312
2.93251
5.15662
3.99878
3.58493
4.36547
3.0793
4.42122
4.25455
2.95854
3.63143
3.41237
4.28007
3.71023
3.90911
5.39159
3.49092
2.88294
4.45936
4.35138
3.49304
5.49362
4.97471
4.12688
2.94139
3.89023
4.82102
3.59372
4.89074
2.09923
5.21357
4.78481
3.20766
4.3676
3.39014
4.77863
3.84615
3.53272
3.82256
2.91686
5.10486
2.35488
5.54559
2.32378
3.65375
3.68611
1.99564
3.8337
3.59673
4.19486
3.68275
5.85027
5.51988
3.89027
3.47986
0.144569
4.17122
4.26847
1.86541
4.36863
2.76992
2.56833
5.14623
4.23582
3.8973
4.96705
2.87497
3.9819
3.50318
3.9692
4.31403
3.78389
5.02473
2.88253
4.29592
2.9751
3.58371
5.13052
3.75702
2.91068
2.70248
3.59323
5.39475
4.47016
4.85295
1.47684
3.53081
4.7924
3.2982
4.27026
3.15177
2.67937
4.8098
2.31226
3.34825
3.05789
4.47537
3.88362
5.28961
4.87412
5.09822
5.11974
0.666951
3.18988
6.27566
4.17906
4.24873
2.37582
4.28071
3.64272
2.91311
4.19219
5.02904
4.86793
5.93879
2.92467
5.06033
4.43686
4.67043
2.6466
3.90472
3.59448
4.84533
4.45649
4.48091
4.32037
4.37534
3.00909
2.25086
4.61702
3.81604
4.24238
3.17527
3.45317
2.86932
2.14736
3.3936
4.58001
4.92797
3.58664
4.44348
3.06895
3.92324
4.59175
5.10114
4.33682
4.51653
3.46487
5.19579
4.2868
3.07295
3.49945
3.72274
4.54355
3.36089
2.89094
4.17431
3.3267
3.30907
2.53955
4.42298
5.01477
3.5893
3.39516
3.87101
3.77716
2.39195
5.32488
3.33046
5.50673
5.29661
4.10991
4.83809
3.6289
2.8707
3.03483
5.21209
4.0603
3.8512
3.64658
