1.08069
0.906015
-0.348326
0.376692
1.55337
1.3904
0.592653
-0.924653
0.337128
2.25094
1.46638
0.522596
1.81769
1.29773
-0.377375
1.22143
0.991768
1.02296
3.43325
0.240949
-0.375773
-0.110461
0.290578
1.24796
-0.215905
0.811128
-0.844126
-0.270415
4.01596
1.00696
3.63903
0.397264
2.1583
2.52247
1.46088
-0.0305244
1.65034
1.3924
0.678519
1.48355
1.65809
-0.128034
-0.480316
1.49697
1.01477
2.25929
0.320118
-0.203888
1.5578
1.0801
2.49065
-0.708487
1.08318
0.253268
-0.73271
0.780002
1.00188
0.832096
0.320919
2.33178
1.53597
1.16598
0.591712
0.77162
0.982321
1.55176
0.656804
0.111514
0.785891
0.783709
0.981642
0.571922
1.94901
0.473164
1.97434
1.55548
0.387835
3.86602
2.09492
0.136922
-0.785218
2.06222
-0.283709
1.17796
0.546546
2.00626
3.62727
1.44646
-0.390536
0.552493
0.817719
-0.163153
0.603629
0.89548
0.96549
0.326957
1.63612
0.115197
1.51791
0.549952
2.91456
0.660431
0.763295
1.0309
0.0776689
2.61205
1.62753
2.04135
1.14305
2.12287
0.89864
0.806981
1.35776
2.3238
0.879363
1.52587
1.50403
-0.18796
1.55397
0.375892
1.76019
1.65472
2.18747
1.41398
2.1544
1.85149
1.81963
1.98017
1.46378
0.581325
-0.0502329
1.16872
1.52681
1.52858
2.07197
0.347434
0.113067
1.55756
0.0844508
0.453242
0.575193
0.133351
0.897437
0.211615
3.03683
0.921831
1.656
0.85805
0.372564
1.52646
2.18347
1.57145
1.17814
2.62657
1.2257
0.829699
-0.816259
0.516175
0.614213
1.63955
-0.407582
0.283263
0.739581
1.11844
1.62663
1.40532
-0.60119
-0.283037
0.0486206
0.653668
2.1344
0.809695
-0.409719
1.07258
0.898832
1.28057
0.0764158
-0.296879
1.70152
0.0852708
1.13163
0.246646
0.160478
0.725481
2.43109
1.72509
1.81511
1.23882
2.78282
-0.1214
1.16683
0.673284
1.43171
0.815845
0.22785
0.986786
0.689182
2.02699
1.22216
1.17582
1.76513
0.636525
1.37595
-0.31988
1.55344
1.37754
0.963919
3.24951
2.72695
1.9161
1.8765
0.0853544
1.67996
0.767665
0.454276
2.98732
1.18469
1.71916
0.327856
-0.369702
0.721475
0.566492
1.37408
1.30568
-0.0177668
-0.416372
0.697014
-0.168922
1.28658
0.0509039
2.33404
0.312113
1.35857
2.52474
0.423607
0.938104
1.8891
0.864239
0.852567
0.0436261
3.04167
0.710288
0.672412
-0.00589934
0.134217
-0.95928
1.41002
1.05147
0.188425
0.821231
2.93279
0.125922
2.12265
0.358618
0.0927909
2.80675
0.984278
0.212722
-0.624403
-0.056933
1.45105
0.354993
1.93171
1.02187
2.76099
0.750792
1.26665
0.781588
1.20397
0.381637
-0.22544
1.7106
1.0739
-1.28931
1.00756
3.12947
1.78079
0.119084
1.08292
-0.700267
0.731786
2.89658
2.78181
2.05239
1.55921
-0.5068
1.74581
1.8214
-0.114814
1.2361
0.558274
1.96341
1.69961
1.11393
3.50758
-0.106237
0.5252
0.120628
1.62406
1.52837
2.52747
0.969795
2.01756
-0.449822
1.12564
1.48743
-0.461694
-0.575194
0.976154
0.579836
0.654397
-0.522814
1.6071
0.374126
-0.17887
2.4729
1.86872
1.96331
3.04069
1.95534
1.2056
-0.0201498
0.8126
0.867593
-0.112617
0.0524993
2.2783
-0.353615
1.42293
1.834
0.187041
2.0997
0.576835
0.473145
1.56504
0.714079
1.2148
2.21121
0.476522
-1.30927
0.324493
1.61167
2.2813
2.94974
0.407595
-0.804898
0.198302
1.04592
2.1335
0.81318
2.76344
-0.367458
0.0369558
0.630719
1.10468
0.43922
0.862724
1.16919
0.787009
0.318959
-0.762424
1.32207
1.50214
1.99683
1.16992
1.23818
-0.838349
0.74617
-0.101278
2.08881
2.54783
1.40702
1.02295
1.08767
-0.0141442
1.79476
1.56789
2.04513
1.74706
1.83983
0.138064
0.991723
2.15948
2.47063
1.49123
2.19291
0.592597
2.79116
0.62398
0.893741
1.16463
1.30449
-1.05142
0.0696109
3.81699
-0.588304
1.44783
0.991982
1.17134
1.01944
0.461818
1.57856
1.44254
0.010396
0.726786
0.128766
2.28696
1.56088
1.08114
0.0921336
0.911699
-0.48898
1.04294
1.89259
-0.575707
0.358383
1.02728
0.60105
0.743317
-0.00684868
0.485095
0.0270926
1.82285
0.650013
1.23542
2.40758
0.620061
0.838919
0.888922
-1.38483
0.539379
-0.481654
2.84803
1.70975
3.35914
2.4681
0.617529
2.87974
0.831608
0.973975
0.319394
0.00690158
2.81165
0.841168
-0.63182
0.5214
1.03043
0.912676
-0.259487
1.26358
0.657396
1.40641
1.25813
1.21754
0.784409
0.403058
1.96221
0.720511
0.574963
-0.552011
1.0031
-0.0468474
0.380015
2.3911
1.03066
1.84098
1.15345
-0.061579
2.40468
0.653925
0.863232
-0.606462
-0.21753
1.20772
0.517844
-1.08694
0.960789
0.618531
0.419292
0.639857
0.712236
2.759
1.17321
1.26371
3.22798
0.241735
0.922874
-0.159969
2.52815
0.00889179
1.71306
0.459569
1.98797
1.0008
0.281524
0.311535
1.51072
2.64715
1.42977
1.87479
1.91238
-0.357802
1.21611
0.149889
1.12633
0.896496
2.15572
2.80742
0.601343
-1.5173
1.13101
2.21787
2.03546
-0.875179
0.544338
0.465735
1.70925
-0.533559
1.25545
1.31282
1.74818
0.708915
-0.902062
1.97087
0.29895
0.454662
-0.540268
1.26438
1.14401
0.163466
0.113136
1.77347
1.11442
0.400799
-0.912839
1.88693
1.91073
0.279365
1.05692
1.32279
0.789487
3.23301
1.4923
1.83386
2.81082
1.80737
0.81919
-0.647101
1.34114
0.200108
2.31919
0.751252
1.5771
2.2149
0.784041
0.855618
0.911706
1.63477
1.156
-0.514346
1.04885
1.20106
1.40522
-0.0558461
1.21688
1.19345
0.735945
2.88092
0.691328
-0.421618
1.3002
0.760772
0.333769
1.6933
2.98797
1.35034
2.77144
1.27153
0.862153
-0.643191
-0.0311802
1.29815
-0.105361
0.426022
-0.658302
-0.600499
-0.366911
-1.60045
0.961779
1.22282
1.30752
1.23104
2.06904
0.195561
2.25914
1.50566
1.96904
0.351351
0.262855
2.22188
1.54962
0.323434
2.02941
0.309906
1.31482
0.605032
0.717508
0.739471
1.69965
1.34251
0.397435
1.94776
-2.21719
1.43016
2.09911
2.30377
1.16309
1.34045
2.20129
2.43006
1.75133
2.30609
0.183381
-0.151561
2.69775
2.12027
2.39397
0.887805
0.605751
1.10513
0.252302
0.483161
1.21291
-0.587633
1.54178
-0.530705
0.339944
0.499548
2.58952
2.2687
1.41573
0.870572
1.08415
2.26519
-0.0809593
0.430014
-1.31258
3.59973
2.47876
-1.22816
0.812862
-2.35031
2.24279
2.59162
-0.0370798
1.07498
0.55842
0.606961
-0.200038
1.45679
0.525186
-0.259388
2.19154
1.55296
-0.0491388
0.252326
1.26623
0.88164
0.452896
1.08497
1.80443
2.33585
1.66795
1.3807
1.10488
1.44442
2.39238
-0.390243
1.30988
0.502388
3.13449
-0.60583
0.705241
0.610503
0.193156
1.42669
-0.141875
0.17091
2.54676
2.81683
1.91761
1.93381
2.07826
-0.171109
2.07493
1.53619
2.04283
2.13119
1.13445
2.88291
0.190358
1.26277
0.357851
0.605151
0.434895
1.65802
2.13953
-0.507039
1.13979
1.48151
0.678292
1.13063
-0.067189
2.05408
0.772744
0.882126
2.23229
2.00135
0.724103
1.95635
0.780533
2.05623
0.231151
2.46859
1.13214
0.778106
1.49664
2.63025
1.36176
1.0941
0.216223
-0.771753
1.94868
0.834978
0.719488
0.949762
0.582633
0.903244
2.01847
-0.288545
1.01974
2.0686
2.15606
0.604463
0.882554
1.32154
0.799863
1.78501
-0.770973
1.714
-1.25589
2.16971
1.35489
1.43386
0.568312
1.54829
0.210925
1.29967
0.271716
2.97334
0.867489
1.56841
-0.314182
1.62611
2.15783
0.74721
0.0710799
0.890867
2.55868
1.49368
0.107292
0.473419
1.93485
-0.724081
1.29289
1.46124
1.68006
1.71565
1.48883
0.431164
1.25165
0.13706
1.32063
-1.03577
0.622591
0.330209
1.19334
0.791961
1.96078
1.8678
0.703381
1.60469
0.855142
1.68791
1.39118
0.899752
-0.256309
1.80308
0.415021
1.97518
0.428416
1.27713
1.24557
2.9827
-0.329084
1.25579
3.10455
2.75914
2.96664
1.35419
0.416514
2.19168
2.12538
0.947749
0.150998
0.272096
1.44102
0.563535
-0.140459
0.908487
1.12408
2.22596
-2.10946
-0.752366
1.12145
1.20946
0.402818
1.78587
0.610702
-0.0307863
1.55396
1.04246
-1.71306
0.93963
0.336674
0.462724
-0.250949
0.463285
0.847058
2.80399
2.2999
-0.241214
0.694203
1.60114
0.0605354
1.206
-0.0524743
-1.21361
0.118291
1.37421
2.10809
0.352304
1.91363
-0.531478
0.852507
1.45982
-0.417579
0.904542
1.24373
1.06666
1.35974
0.467859
0.540051
0.58347
-1.65123
0.928697
1.4942
-0.00345221
0.897438
0.620222
0.96583
0.958088
0.439189
-0.624143
1.63337
2.79357
1.18324
0.772115
0.766017
1.55911
1.535
1.57883
1.15777
1.01364
1.54802
-0.401392
0.789754
0.895282
-0.0625916
1.44062
2.41002
0.945009
1.47108
1.17043
1.48705
5.22429
-0.357458
2.40018
1.37452
2.65156
1.7261
1.27728
-0.370762
2.41916
1.16092
0.177548
1.7283
0.166021
1.43648
1.52152
2.26395
0.892072
-0.922259
1.31803
0.24515
0.32646
0.218003
1.13868
0.519314
0.994742
0.390355
-1.08838
1.69947
-0.0516496
1.49578
-0.578743
0.434415
1.432
3.12332
2.69782
0.740779
2.13723
1.80673
1.28947
0.758731
1.33328
1.14288
1.37507
2.51249
2.0077
0.043044
0.0688256
2.01498
0.315345
2.62632
0.762737
0.808614
0.729168
0.896565
-0.267146
0.931043
2.18593
1.31712
1.1633
1.09595
1.99436
2.42357
-0.188013
-0.509964
2.42378
0.364049
1.7843
-0.409454
0.523439
1.13146
-0.186978
2.0253
0.942519
0.466767
1.81249
0.148143
0.447014
0.937473
-0.696923
-0.489414
0.287245
0.751167
1.49023
3.20396
1.19333
3.19212
1.25964
0.678331
-0.283322
2.43067
2.00419
1.26456
1.25565
1.99204
-0.135844
1.11582
0.97797
1.10097
0.529131
0.018459
0.107324
0.906469
1.78091
1.3865
1.00849
0.431742
2.81763
-0.0994464
0.203663
-0.616775
-0.442778
0.880843
0.678648
0.0125448
-0.306263
1.90051
0.962719
0.281168
2.26688
-0.34077
1.97411
2.30999
1.39049
1.34372
1.19173
1.73982
1.65196
1.24168
1.27317
0.690842
1.44701
0.452452
0.817937
0.16961
1.04814
-0.178104
1.68142
-0.580005
-0.526354
1.23329
2.86083
1.3015
-0.267538
1.68991
2.08741
0.333172
-0.199099
1.13596
-1.06427
2.10734
0.589231
0.970234
2.03436
0.266151
0.479491
0.403254
0.784663
2.1522
2.32835
0.102305
0.851127
2.26701
0.290742
1.70465
0.018958
1.97134
0.543484
0.104696
0.744045
1.90047
-0.218731
2.07307
1.93586
0.908113
1.99141
0.887317
2.01985
-1.63372
0.275187
3.23619
2.98318
2.18436
-0.791014
1.79827
0.750329
0.127534
0.776371
-0.345584
0.365181
0.559714
-0.256554
0.493168
1.56243
1.81166
0.646088
2.41981
2.35095
0.744228
0.432172
2.11072
1.75854
0.905347
2.71067
1.40017
0.744028
1.68776
0.52093
0.251614
2.09279
0.919617
1.01514
-0.0698875
0.798087
0.776483
0.615444
1.5209
2.18913
-0.0172101
-0.166476
0.78135
1.2664
0.610792
-0.344651
1.60576
2.34594
0.779902
0.955796
-0.313909
2.29231
2.3718
0.375296
1.09261
1.82519
0.814396
1.72809
1.75903
1.16214
0.925584
-0.563765
0.209965
0.368514
2.44508
0.0291032
1.89702
1.65874
3.0621
2.07992
2.08436
0.539118
-0.0929457
0.60295
0.283296
1.83716
-1.17302
0.182683
-0.491787
2.31664
0.104835
-0.370864
2.74883
-0.65994
0.152197
0.0258891
-0.135838
1.39097
1.09805
1.47067
0.404879
1.15654
0.796122
0.697052
2.36186
0.795678
-0.382688
-0.555304
0.732883
2.14752
-0.539938
0.212808
-0.086391
0.637728
1.20833
0.690221
1.07514
1.47772
1.17401
-0.117263
0.90426
0.621827
1.05272
0.947255
0.311172
0.177399
-0.0202679
2.34524
0.732619
1.42762
2.50438
-1.13696
1.88559
-0.202243
0.392202
-0.323762
3.4389
-0.15137
0.440912
-0.515686
1.39082
0.411661
1.07303
0.93509
1.74367
1.47008
1.21322
0.847286
0.202674
0.329447
2.46328
1.10273
1.00319
2.63488
1.37017
0.0929454
3.19611
0.303857
0.121061
0.425014
4.15522
2.39977
1.31836
2.37303
1.15071
-0.781899
1.07929
0.521825
1.9748
0.821652
1.38243
0.193085
0.892075
-0.837385
0.0226716
-0.286563
1.20493
0.30318
2.81374
-1.46099
2.3014
1.19101
2.02008
0.813762
-0.880347
0.657007
-1.36306
-0.216741
-0.241477
-0.402502
1.74875
1.63509
2.31609
0.161104
1.10794
-1.17964
0.720428
3.32777
1.74845
1.50661
0.00609699
2.05564
0.907538
2.4397
0.59972
1.26449
0.484854
0.912294
0.715959
0.967096
1.75662
-1.0529
2.44373
1.22585
-0.955408
0.415254
-0.373034
1.10436
2.22339
1.70415
0.293196
0.580039
1.76154
1.21598
0.245297
0.342307
0.166116
2.19666
0.466352
0.734242
0.654697
0.0528861
1.84777
0.840175
0.126763
0.236526
1.98026
0.0384626
0.864196
0.716558
1.7876
3.02084
1.05089
0.259719
1.53907
2.07958
0.534678
1.01671
1.14204
-0.387819
1.17962
0.440142
2.51519
0.147626
-0.336113
-0.0613642
1.7703
0.239176
2.00569
-0.422493
-0.413008
1.64336
2.35854
1.37888
-0.397111
0.181633
1.26401
-0.0840229
1.53673
2.62879
1.55813
2.18137
0.718026
2.74815
-0.754542
3.26149
2.32511
3.11962
0.362161
-0.381791
-0.0544707
-0.353752
0.761855
0.302329
-0.13933
1.41432
0.86653
0.220582
-0.442427
0.998826
0.382376
1.54079
1.02966
0.87627
1.15202
1.14758
0.849223
2.41063
1.51031
-0.545697
0.104889
2.64642
2.76605
3.29721
-1.34834
1.24871
1.62294
1.93015
1.41101
0.17975
1.65554
0.454518
1.7609
0.488697
1.37565
0.875016
-0.217595
2.25176
2.32299
0.140887
0.531587
0.50482
1.53349
-1.49623
1.93882
2.5796
1.96553
1.31425
0.834247
0.0708687
-0.00469932
1.04644
1.70632
0.00882524
0.456344
2.45593
0.381028
-0.210824
2.13702
1.55252
2.17949
0.114691
1.7755
0.489965
1.79158
1.85431
2.29329
0.149376
1.12869
-0.404695
2.79922
0.379345
0.093901
0.992991
2.0625
0.223818
0.924032
1.56787
1.04829
1.837
0.0814006
2.13779
1.50263
0.69167
1.51464
2.63686
2.26066
0.617108
0.196661
0.384281
2.04247
0.851148
0.324983
0.0578039
1.06664
0.496135
1.58414
1.34752
-0.351093
3.16589
0.909344
1.15321
1.76087
0.962642
1.69387
0.421368
0.571957
-0.0443722
-0.0649673
0.50131
-0.354995
1.46659
0.938582
0.0433095
-0.604479
-0.659024
2.4511
3.34719
1.10088
-0.0568156
-0.0528076
2.82066
-0.00104779
1.29624
0.475308
1.25834
1.43456
1.28319
0.724885
-0.814635
1.28584
3.34726
0.159209
0.271107
1.3703
1.92452
1.91337
0.0860738
0.783418
1.61399
1.24452
0.931058
1.26129
0.112625
2.80536
2.38855
1.26141
-0.143064
-0.874826
2.40341
1.31345
1.19321
0.663025
-0.74999
-0.814822
0.68237
1.34245
1.66885
-0.0828515
1.55429
2.02947
2.165
1.73477
1.14292
1.99332
1.12642
0.635947
1.27712
0.894834
2.24607
2.49674
0.399067
0.542671
0.863736
0.736334
1.82122
1.66547
-0.170621
2.61217
1.62673
0.763201
-0.334572
0.548142
0.835759
0.837419
0.893471
1.59385
3.31193
0.560481
0.0933613
0.701521
-0.552534
0.927232
1.22892
0.344987
0.583499
0.311146
1.21532
1.0583
0.255602
2.14352
1.66818
0.339475
0.676682
0.938603
1.87372
1.1416
1.76094
1.63207
2.15915
2.15378
0.846066
3.05844
1.68916
0.907588
-0.16157
1.92955
1.33284
0.369193
-1.31226
1.5307
1.88346
-0.770455
0.918714
2.49074
1.11505
2.15897
1.71753
1.23731
1.30612
1.02333
2.5503
0.334294
2.13101
1.36058
-0.127096
2.87063
1.2388
1.54228
2.38242
2.7647
-1.00742
0.581353
2.97607
-0.318758
1.36867
-0.307685
3.27243
1.00166
1.83454
0.746573
-0.618057
2.3796
0.217522
-0.0567733
0.668415
-0.171637
-0.311574
2.36972
-0.201303
-0.465406
0.555497
1.82924
1.99889
-0.679078
0.798221
0.798372
0.413665
1.64841
0.827224
1.71888
0.618263
2.76179
2.57419
1.55721
0.681898
1.20039
2.48388
1.71201
0.650853
0.603565
2.88173
1.5326
2.44317
1.70031
1.26328
0.362356
1.07352
1.41313
1.13565
1.90318
-0.388121
0.864249
1.50485
2.31082
-1.29291
2.69626
-0.935904
0.265956
-0.564092
1.4522
1.5342
0.650806
1.19744
2.10681
1.81742
1.57455
-0.929844
-1.01936
0.969223
0.244006
0.319393
1.07485
1.95221
1.88478
1.63461
1.51643
1.96086
-0.114859
2.16725
1.44903
2.74854
0.903092
0.607901
0.33734
-0.866174
1.16187
2.63491
2.09773
-0.349744
-0.357741
0.312511
2.98833
1.06071
0.880968
-0.18135
1.38416
2.15663
1.19899
2.37334
1.21744
1.62279
3.02534
0.637035
-0.441728
-0.1834
3.55718
1.71762
0.860388
-0.571822
2.44009
0.248728
2.14519
0.903966
2.97443
1.58764
-0.718071
-0.0810756
2.26279
1.56106
1.87065
0.707028
0.735909
-0.393708
-0.698131
0.770457
0.710514
2.43845
2.58826
0.829564
1.76995
1.30495
1.37153
0.342273
1.48337
2.42935
0.679048
0.683087
1.5871
0.267484
1.8035
1.05888
3.13992
1.27821
1.41808
-0.776511
1.12015
1.88753
1.61609
3.64322
-1.35007
0.72239
2.39905
0.49433
1.63826
0.265929
2.57299
1.86053
-1.49525
0.0942686
1.98426
-0.244071
0.331073
1.78477
1.45778
1.57779
-0.360559
1.23449
0.111559
-0.874023
-0.00156684
2.65388
0.669744
-0.555463
2.00609
-1.63824
-0.438723
0.555709
0.89884
1.15279
-0.143059
1.51081
1.10469
1.33635
1.39803
3.35844
0.906114
-0.635305
1.18847
1.23482
-0.252703
1.54935
1.15034
-0.664835
2.1021
0.801363
0.349211
2.24756
0.988608
-0.419
1.11409
-0.284157
1.90731
-0.578803
0.230478
1.79576
1.5224
-1.21605
1.86424
1.96628
1.45798
2.88753
1.52116
0.747596
-1.09726
1.88193
1.70546
-0.19527
-0.961884
1.71825
1.13985
1.52481
0.206949
1.43677
0.252865
0.550545
3.20264
1.43122
-0.0675777
1.2211
0.977647
-0.157744
1.78411
1.70993
0.612938
2.74422
-0.635481
1.48894
0.800068
1.7153
-0.647625
1.37061
0.522138
0.897798
0.857733
2.39002
1.55238
3.30782
0.826785
1.48042
1.09799
0.657115
0.780453
1.07206
0.374908
1.90744
1.65305
2.74154
2.90821
0.358796
0.161671
0.299809
1.88197
2.99019
2.05063
2.31483
2.22734
-0.186393
0.146221
0.843296
1.42116
-0.245987
0.25071
1.55058
0.456947
0.714099
1.8672
1.51574
0.860961
-0.546311
1.28905
0.433302
0.88644
1.56506
0.849486
1.28689
0.319975
1.15043
0.42497
1.62319
1.00366
1.7058
0.109971
1.34771
1.50875
1.44662
0.307677
0.517103
1.06481
1.83919
1.68315
0.466764
1.35512
0.968233
0.240842
1.65947
0.572012
1.57581
1.66129
0.760469
-0.107769
-0.258999
1.25556
1.15117
2.25178
0.312581
0.617861
1.83019
0.668118
-1.217
1.30311
0.876503
0.299709
0.397138
0.287132
-1.02315
1.86737
-0.459743
2.6827
0.304072
0.910675
0.211788
0.754983
2.053
2.22368
1.41926
-1.47547
0.151919
1.25896
0.342407
-0.78496
1.26632
-0.133233
0.488008
-0.0880377
2.34639
0.0467302
1.89507
1.93133
0.31339
0.650611
2.9851
2.03623
0.141934
1.42339
0.199426
1.71075
1.35293
1.03289
-0.597282
-0.101784
1.20715
1.74912
1.56084
1.18275
0.735059
0.316293
1.42793
-1.20699
-0.0751624
0.782613
0.864324
1.78392
1.75047
1.23539
-0.588539
1.53717
-0.515788
2.59413
1.0773
0.477862
0.788099
-0.591859
0.0309342
2.12115
1.72319
3.13109
0.757251
1.5898
-0.121512
0.305473
-0.431894
3.14088
1.04577
0.872995
1.74866
0.146792
1.38686
0.880414
0.560758
0.0576176
1.40775
1.63376
0.427339
1.79716
0.71738
0.38737
2.34371
0.809303
-0.153432
0.354037
2.0823
1.45581
0.769998
0.456684
0.299951
0.905829
0.849457
0.0058156
1.0001
0.637508
-1.1232
0.990273
1.04249
1.75323
1.49915
1.11658
2.47606
1.43614
1.57084
-0.162111
1.78754
-0.497033
1.41507
1.52989
1.1854
2.08191
1.87016
1.47247
1.03547
2.1593
1.15091
1.53033
1.59822
0.278474
1.48224
1.97337
1.93944
0.382859
0.322601
0.855644
0.903533
0.464107
1.55961
2.14945
1.84812
-0.588655
2.56786
1.66928
-0.181048
0.873046
1.98943
0.942816
-0.179635
2.41158
-0.0539858
1.54419
-0.322429
1.94951
0.264298
0.513299
2.55403
0.695557
1.6923
2.20066
0.348307
0.611496
0.00408177
0.604875
1.58594
0.125289
1.02972
3.12882
1.81844
1.49071
1.56021
0.137691
0.823198
0.62097
-1.56318
0.0921557
2.49759
1.38816
0.228456
0.974841
-0.000808761
0.80644
0.104906
0.900855
0.777647
1.11764
1.44453
1.96119
0.956204
1.30701
2.13108
-0.846251
1.03794
0.437929
1.52799
-0.451256
1.13185
0.858303
2.2346
0.258532
2.51775
2.41507
0.53961
0.463872
1.00013
0.0969867
-0.236356
1.67427
1.57344
-0.228831
0.790271
2.02082
1.3781
-1.25845
1.32646
2.48919
0.699529
1.6882
0.6232
1.11482
2.62864
2.10983
1.35474
1.2233
0.807173
0.162437
0.497536
0.49855
1.68173
2.11771
1.0937
0.398924
0.850877
-0.379259
0.350051
1.14027
3.19533
1.55499
0.723043
1.66725
-0.33672
1.58341
1.34796
1.6299
0.821215
-0.289239
-0.358544
0.865986
1.04607
1.92952
2.39717
0.65857
3.11532
-0.587837
1.37012
1.00379
1.54476
-0.614671
2.25342
1.45416
0.46333
0.905233
-0.122452
0.871188
-0.825213
1.38521
0.428925
-0.535305
2.32293
0.978647
-0.169213
0.994206
-0.220164
3.02564
1.00004
1.04924
1.28263
3.0764
2.64193
0.969921
1.2951
1.86435
1.08984
0.596781
1.86411
1.63968
1.15377
2.28085
2.54942
-0.0441672
1.33121
1.47549
2.54289
1.85201
0.663151
2.33111
1.13814
0.577578
2.41384
1.82797
2.59858
0.186955
-0.601684
1.16504
1.33857
0.504435
2.23054
0.491606
2.46647
0.685867
0.436672
1.13577
1.8358
1.58309
0.71325
2.42856
0.750004
0.58441
2.74116
2.2203
0.277527
0.754439
0.577381
0.507015
0.262348
0.957013
0.628021
1.91577
1.20502
1.37695
1.25413
-1.57149
-0.0707095
1.08341
0.744805
0.535766
-0.357344
0.481964
0.302412
0.481347
2.72611
0.248713
0.335455
0.623886
1.2099
0.096179
1.54368
1.49113
1.20893
1.4789
1.36955
2.85259
-0.178339
0.269573
0.548049
1.78077
2.54509
0.957816
-0.30098
1.39336
1.39152
-0.750047
0.608195
2.30597
0.651721
1.16843
2.26279
3.22539
0.857565
-0.826297
1.37129
0.357937
2.51156
1.86894
1.65993
0.899242
2.35611
1.42731
-0.227613
1.78621
0.981672
1.22497
0.470021
1.69414
0.33833
1.20884
0.020402
0.854556
1.03297
1.46486
2.36964
1.38804
-0.643359
0.434907
1.21079
0.548274
1.23313
1.83644
1.87509
1.90656
2.16331
1.507
0.640328
1.50216
0.32386
1.73277
1.67862
0.692241
0.502226
2.13692
2.59447
-0.114151
-0.846827
0.656835
-0.395468
-0.134254
-0.454362
0.629856
1.10275
1.33969
-0.0536988
2.80774
-0.292056
0.761984
0.91007
-0.774828
1.06747
1.32878
0.346381
2.15176
0.968913
1.10475
2.30742
1.74922
1.19967
0.865204
0.107618
-0.519821
2.37121
0.816867
1.48217
-0.203209
-0.0655792
0.194436
0.767619
0.987421
-0.0770197
-0.21451
0.260318
1.67393
2.11024
1.61322
-0.193114
0.522128
2.23597
0.939482
0.620751
0.112287
1.79493
0.331154
0.950791
-0.274949
3.3483
1.19242
2.09421
0.933685
0.56987
1.35397
0.222568
0.718643
2.09515
1.48445
0.624546
0.422401
-0.0801754
1.39127
0.775667
1.77728
1.30339
-0.319495
-0.653955
1.753
-0.624601
1.07223
2.47327
1.96879
0.509211
-0.0164181
0.915918
1.84612
1.27475
2.138
3.00413
0.411046
0.420125
-0.308346
-0.261688
1.82196
-1.10423
0.212406
-0.785423
0.996373
1.67046
2.02716
1.0124
0.58372
2.50639
1.8928
0.186793
0.440229
1.42474
3.39297
1.55664
0.25605
1.08116
-0.543655
1.20853
1.45843
0.618188
-0.133447
-0.1806
1.39485
2.49226
1.65605
2.12908
2.78967
1.55159
1.46587
0.884375
1.77509
2.00732
0.456135
1.07549
1.05728
0.509873
1.72894
-0.0512909
-0.218661
1.45228
-0.172696
0.987507
1.42076
0.261133
0.369656
2.53416
1.71363
0.422275
1.48536
-0.561821
0.125413
0.253616
1.86388
1.50612
1.18785
3.44934
1.51611
-0.00232132
2.14721
0.470232
-0.0374915
0.404823
0.944413
0.0617764
0.0387739
0.310837
0.135965
0.134598
-0.73313
1.8147
0.605464
-0.543288
0.50417
0.457542
1.70816
2.2791
1.17864
1.2758
-1.03575
1.59162
1.05305
2.01701
0.55119
0.213327
0.721208
0.164407
1.74207
3.23397
0.968772
0.168246
1.20549
0.326322
1.03981
-1.07926
-0.404842
-0.040444
-0.534523
0.487961
1.47168
1.37059
1.94977
0.0163192
1.03141
1.76575
1.8139
0.265262
1.12364
1.94739
0.953706
-0.655283
1.12403
0.0403174
2.3738
1.03064
1.85716
0.655613
1.47293
-0.392412
0.871403
1.35129
0.0477425
-0.183751
1.65234
1.43661
2.3461
1.60341
-0.682213
1.37762
1.73581
0.36184
0.475045
0.788886
0.271577
4.01939
0.432523
-0.0628694
0.992887
1.32977
1.77141
1.24051
1.09547
-0.155537
1.9317
1.79523
0.463604
1.87927
0.675386
1.62014
2.14131
0.789939
2.46771
-0.0126048
1.33071
1.24293
1.23223
0.124115
0.859766
1.27524
0.897451
0.466766
2.18476
1.67601
0.380184
1.98268
1.69614
2.86789
0.336227
0.533055
2.34877
-0.00177523
0.425653
1.34066
0.479558
1.94769
2.11979
-0.0503544
1.67462
1.22709
2.74586
2.01718
0.717039
1.1946
1.21731
2.3556
1.57932
1.85227
2.59804
1.30383
0.840448
0.632596
0.794618
0.0268416
0.650093
0.809725
1.75997
0.710612
-0.392205
0.00654916
0.944646
0.876504
1.2724
0.350085
2.53333
1.44975
-0.47361
1.92889
-0.0307575
-0.76754
0.594166
0.536204
-0.498865
0.855658
0.149796
2.56603
1.3699
0.792513
0.695928
0.296183
1.62249
-0.00463546
1.7825
0.0317549
-0.137059
2.72081
1.586
1.57487
1.46484
0.637636
1.83636
0.8187
-0.613988
1.74595
1.62949
0.650829
0.620779
0.802367
1.51555
1.05315
2.13648
0.234974
1.36853
1.05253
1.3702
1.40908
0.662109
0.936468
0.43357
1.4669
2.26747
-0.329596
2.21054
0.069589
-0.098825
0.896561
0.705035
-0.573087
0.662571
2.49102
1.31564
1.51568
0.899054
0.659139
0.958934
1.4797
0.11998
1.53322
0.34723
1.91887
-0.696201
1.14495
2.06386
2.37197
2.34975
2.96987
0.153054
0.502098
1.58208
0.972602
0.888293
2.27222
2.57751
0.579734
0.633787
0.908761
1.25154
1.58218
2.20502
1.95467
2.60518
0.42866
1.60256
1.64982
-0.47237
1.34592
1.37388
2.64078
2.17544
1.8249
2.89194
1.3761
1.71668
0.492632
0.902083
0.894599
1.34013
2.12989
0.657006
2.51687
0.259739
2.3561
1.09402
-0.564149
1.43262
0.810812
1.96065
0.438441
0.59739
0.43114
-0.760447
-0.0732397
2.07167
0.954651
1.50909
3.43606
0.796455
0.353027
1.67021
1.36288
0.539698
2.0834
0.117954
1.0133
1.83833
1.98233
0.657945
0.127465
2.12587
0.946393
1.42726
1.51901
1.46096
2.03036
1.83601
0.819049
2.82008
0.826386
0.905526
0.881515
0.998421
0.663132
1.57646
0.886766
1.74137
0.0655236
0.999378
-1.1299
1.68365
1.49075
0.521468
0.692963
0.84652
2.72075
1.03236
0.798703
1.5321
0.952906
1.03212
0.853018
0.985577
0.0733911
1.42995
1.47532
1.13689
1.90132
0.219409
0.5308
1.33302
2.46014
2.07706
0.269713
0.357429
1.27364
1.33629
0.675823
0.0179321
-0.218265
0.495955
-0.406079
0.420092
1.23643
1.03021
0.277411
1.29691
1.35959
1.48332
3.19114
1.02445
3.75754
0.111869
0.944063
-0.59792
1.59366
-1.62821
1.71359
0.478117
3.20028
0.120846
2.45577
0.45225
1.72925
2.02342
1.56545
1.47733
2.36172
0.00385796
1.44802
2.45641
1.25073
2.86861
0.01481
1.20179
2.95319
0.620425
2.41972
0.88318
2.29278
-0.651211
1.65713
-1.52254
0.611659
1.64762
-0.31604
0.470662
1.78955
1.37192
0.335147
1.0424
-0.047456
0.50167
0.678996
1.03539
0.481203
0.415177
1.12761
1.63145
0.548143
0.622713
0.710166
1.61676
-0.147032
-0.230728
2.29732
0.233841
0.160568
1.68611
0.44682
1.65281
0.92991
-0.0670812
-0.853392
0.880816
2.40266
-0.00549982
1.73465
0.812615
0.0316257
2.3095
-0.00243409
1.2006
0.843627
1.7311
1.34027
0.619851
0.742812
2.42562
0.764715
0.879785
1.39609
0.121741
0.288432
1.4258
0.46611
0.465176
0.918706
-0.802217
0.863717
0.819951
0.551791
0.213418
1.25697
-0.374354
0.871295
0.750793
2.62459
2.55499
1.63154
1.62441
0.903243
0.716
-0.680971
2.11075
1.02217
-0.992223
1.30308
2.91448
0.980145
1.2285
2.71609
-1.71283
3.0533
1.25331
1.43018
-0.17519
0.378386
-0.485534
2.89393
0.0690086
0.81538
1.92828
-0.781927
0.859714
2.49609
0.736797
2.40034
0.62195
1.7054
1.39612
1.17676
3.29072
1.359
0.0291985
-0.274235
0.732162
-0.215342
1.53993
1.47924
0.164858
1.12851
1.2039
0.499582
-0.0389444
1.60508
0.951627
1.76593
1.77877
1.30328
1.53759
2.52949
1.34709
1.9807
1.17863
0.154008
1.87804
1.44415
1.30733
-0.257659
0.704726
0.856175
0.902488
0.725817
2.07846
0.123273
0.277303
1.46613
1.07183
0.632518
-0.38784
2.67901
1.42884
1.04766
2.08197
-0.395018
-1.37327
1.6399
0.156379
0.537539
0.80436
0.297578
0.285094
0.248062
1.16265
1.7507
0.932004
1.68767
0.795276
-0.759257
1.13446
-0.0278764
0.603618
1.20864
0.291535
1.19756
0.891752
1.44956
2.42953
1.23278
-0.683665
2.88178
1.42151
0.586745
1.4489
2.54247
0.750427
2.83162
1.04648
2.15072
1.58171
0.697613
2.23436
-1.38401
2.50399
2.2373
-0.501845
1.10923
-0.145984
0.546468
0.951719
1.38647
1.56342
1.07581
1.72204
0.821952
-0.0678606
1.3977
0.384764
1.34645
0.376611
-1.09278
1.57702
1.37212
-0.747178
0.866029
0.204849
1.55853
-0.0299975
1.19189
0.641902
1.74152
0.597915
1.63005
-0.785258
1.7614
1.43187
0.625431
-0.37617
0.970451
2.5632
0.611349
1.77901
2.20507
1.01823
1.53639
1.49669
-1.16819
1.22994
0.753116
-0.633727
1.26609
1.68338
1.91614
1.30248
1.5608
0.916423
-0.458217
1.75898
1.31051
1.36213
1.4016
0.645962
-0.62288
0.517793
0.980191
0.682264
2.35439
1.53491
0.912857
-0.280044
0.828969
1.65036
1.29238
1.89327
1.24325
1.86767
1.23486
1.47304
1.43143
1.09396
3.851
1.35572
0.607718
1.9003
1.16189
2.48496
-1.06708
2.11435
0.335659
0.613543
2.0865
1.64118
2.3522
2.24552
0.352514
0.177407
0.237102
-0.0696797
0.670446
0.828227
-0.569781
1.38314
0.355527
0.646956
1.17536
0.833662
0.977581
-0.447264
0.637821
0.766428
0.985772
-0.0497172
1.09056
1.56839
1.0749
1.42879
1.93101
1.22767
0.476132
-0.0515744
-0.412662
1.17539
0.20897
-0.314204
0.43979
1.94904
1.50245
0.525927
2.65183
1.30258
1.27357
1.79817
0.777218
1.3352
1.5199
0.673195
0.641285
0.693676
2.08245
2.40224
0.102866
-0.605116
0.898486
1.78624
0.425644
1.14375
1.45805
1.46137
1.44157
2.04982
1.38978
-0.691695
0.321972
-0.769892
-1.34126
1.90138
0.567819
0.112576
0.283085
0.666675
1.35465
1.27832
-0.0522195
1.83939
-0.920851
1.2566
2.85254
1.05272
-0.322966
1.5599
0.566337
-0.539966
2.54859
0.35467
0.275562
2.02983
0.352135
2.41164
1.72303
2.66394
-0.0674478
0.890933
0.677692
1.2007
-0.226654
0.678996
3.48388
0.765325
3.4726
1.18075
1.73414
1.46297
1.22281
1.7139
0.188036
1.84149
-0.292122
0.893732
0.073343
-0.0660442
0.147547
-1.06856
0.91151
0.451622
1.06962
0.36307
-0.422748
1.56399
1.40692
1.91374
0.272912
-0.659596
-0.0255096
-0.0130032
1.44154
0.19001
0.474221
0.677776
1.63619
1.54729
1.93161
0.74553
2.26254
1.17812
1.0276
1.27445
1.03751
-0.381365
0.470121
1.75742
1.76674
0.929704
0.452259
1.03958
0.677391
0.331738
-0.113085
1.2194
1.15901
1.20163
0.0341371
3.1191
0.47724
1.72741
0.115399
1.19524
-0.62912
3.06513
2.15984
2.29765
0.643871
-0.726942
2.83511
1.34271
0.76416
-0.19142
1.29397
1.57321
2.95828
1.05289
-0.122994
0.326003
-0.92003
1.22025
0.855878
1.15655
2.25828
1.2646
1.05943
1.72462
-0.213004
-1.34475
-0.453481
1.62327
1.17882
2.03916
0.747772
0.393649
1.69763
2.45991
-0.23599
0.628385
1.19423
1.88686
0.936779
3.19998
1.54811
-0.365203
3.69045
-0.00966242
-0.228261
2.36855
1.28213
0.0817657
1.1726
0.915317
2.44135
0.438133
2.27917
0.266724
-0.508983
2.08275
0.895804
2.85919
1.58689
0.407603
0.412785
2.18127
-0.224637
2.06593
0.729703
0.704328
-0.990839
-1.22205
1.84391
1.15274
-0.23324
0.643146
0.392021
-0.649238
3.22203
0.379175
-0.698299
0.963962
0.342885
0.526446
0.431282
1.503
2.30262
-0.436755
0.979607
2.12891
0.798182
1.80717
1.8941
-0.0941845
0.20136
1.22589
1.41255
0.32749
1.0748
0.121295
1.61915
1.07435
2.64457
-0.671798
0.162453
1.02523
1.01103
0.164697
0.940341
-0.561592
-0.699668
1.69552
1.38265
1.63042
1.36077
1.81652
3.10177
2.24202
1.7497
0.864045
-0.305265
0.892852
2.16683
1.11104
0.018129
3.12625
1.90023
0.431285
1.69669
0.90594
0.91084
0.499915
-0.0780256
-0.0428307
-0.798909
1.59973
-0.170134
-0.53706
1.19121
0.333594
-0.0644144
1.18526
2.10328
0.690132
0.274117
-0.393566
0.257551
1.72876
0.444423
-0.480515
2.63909
1.31011
0.77939
1.13332
0.968317
1.87264
0.166794
1.10726
3.75983
0.615131
0.422864
0.489427
2.29175
2.36443
1.14585
2.30703
-1.24619
-0.142187
0.743821
1.61196
0.743787
0.437464
0.540758
0.437285
1.67293
1.29434
1.62713
-0.292726
1.61945
1.08438
2.6526
0.31214
0.997458
1.6433
0.754374
-0.116064
1.19267
2.49584
1.47915
1.33435
2.10015
2.55868
0.0105848
0.352926
0.981077
1.31553
0.85465
1.68587
-0.472692
1.13863
0.67286
0.958235
0.672499
0.827727
0.349084
1.21289
1.49375
1.16897
0.456293
1.31246
0.197214
-0.437707
0.0947187
2.33656
-0.421599
0.807329
-0.127009
2.26375
0.736558
1.74863
0.842414
3.2864
2.52917
1.33232
2.11515
1.76721
0.674267
0.986599
0.842835
0.213256
0.635086
1.22045
1.58313
2.52069
0.177376
2.13453
0.635735
1.27296
1.71282
1.18477
0.911339
1.44121
1.53916
1.86839
2.14694
-0.26628
1.20328
1.0516
1.78216
3.47885
2.4748
-1.4775
2.92177
1.82283
-0.427335
1.21351
0.700041
0.868766
1.06237
1.23187
1.37109
-1.9346
1.64804
1.70918
1.36174
-0.0367983
2.4925
1.59864
0.371505
1.83515
0.733054
1.12204
0.363592
1.79862
1.11344
1.51013
2.34769
2.05158
0.690114
0.343436
1.59452
0.79728
-1.46046
2.77681
0.135231
1.13212
0.783823
4.34877
1.33073
2.93155
-1.04019
1.57446
2.10814
1.60657
2.94946
1.26878
-0.46369
1.11289
0.948341
-0.19505
0.876289
3.24048
0.835874
0.725243
0.290681
1.75751
1.0662
0.616438
-0.549852
2.37306
0.988511
2.23279
-0.945489
-0.667132
0.431607
1.91118
0.584629
2.95034
0.895624
0.619913
3.38751
0.921979
2.60142
2.45637
0.149615
1.12688
1.10458
0.588822
1.40747
1.21703
1.59423
0.765503
0.925716
0.763278
0.629955
-0.877171
0.0647057
0.459764
-0.375736
0.102182
0.630205
0.984361
1.52009
-0.0106274
0.294798
3.00245
1.11582
2.26222
-0.370353
0.727435
1.65032
2.14727
1.66324
1.48009
0.527091
1.10747
0.0845869
-0.245547
1.7579
1.37321
1.30582
1.37995
0.580765
0.809288
1.66473
-0.611798
0.196982
-0.490061
0.349853
2.16136
2.44927
1.47359
1.53499
0.0595872
2.31143
0.478649
0.61181
1.48948
2.40981
0.747904
0.980505
-0.297978
0.645317
0.705995
0.849823
1.87722
0.886093
0.362817
0.358542
0.46049
2.03493
1.20864
0.492993
2.80082
1.29383
0.90217
2.09446
3.22689
1.68661
0.950516
-0.937601
2.19164
1.38284
0.848374
1.57933
2.51383
-0.0531986
1.89122
0.225655
0.700366
0.312653
0.902111
-0.456118
0.759414
0.424423
2.37383
1.70822
0.0201947
-0.0673268
0.538559
0.172578
1.06948
1.73967
1.90242
0.434126
-0.164447
2.20714
0.56636
1.24492
0.0644879
1.0025
1.94599
-0.160482
0.584509
0.211174
0.666157
-0.811033
2.55184
0.606605
1.65916
2.97246
2.03597
1.1572
0.685537
1.0004
-0.471388
-0.758391
1.51832
0.651297
0.565968
-0.69911
1.13225
1.77263
1.67838
0.542279
0.342397
0.960399
1.25451
1.13317
1.48737
0.360256
0.926507
0.390966
1.47477
0.932879
0.659048
1.47697
2.04511
0.289541
0.579063
-0.764968
0.818408
-0.0291634
1.17771
1.03374
0.487827
1.72018
1.11868
2.1103
-0.298537
1.15128
1.95468
0.898326
0.493361
-0.230994
0.833063
0.966055
1.19006
1.85952
0.749637
0.30259
2.759
0.286045
0.0508476
1.07334
-2.01056
0.475755
0.839576
-0.166307
1.13877
0.514962
2.10154
0.843993
2.68121
-1.24437
-0.529106
0.248654
2.62504
1.85107
1.81065
1.11067
3.38783
0.849597
1.6208
2.07165
-0.419224
0.461447
1.42698
2.4052
0.596916
1.61782
1.35504
-0.110619
1.57484
1.14631
-0.0213811
1.22122
1.15917
3.77823
-0.292661
-0.128232
1.53482
2.22711
3.73676
0.113296
1.40734
0.577927
1.1694
-0.930977
2.22888
1.5218
1.41979
0.655889
0.0301973
1.81504
0.473341
1.10383
2.64476
-0.0500935
1.63375
0.519704
-0.776594
-0.348947
1.0067
0.953893
0.721478
0.573584
1.47305
2.12133
1.81554
1.4746
0.901134
0.265906
1.74943
3.01068
-0.917227
0.953672
0.0376907
2.39458
2.15134
0.790631
0.24142
1.15195
3.37243
2.29568
0.214916
-0.133501
0.785733
-0.621887
0.691534
-0.586266
-0.442574
-0.0924452
1.0929
1.47108
0.470421
2.59163
0.71312
0.589769
1.45341
0.252609
-0.0909286
1.36661
2.05517
2.25683
-0.268273
0.627225
-0.158795
1.3029
2.20478
1.66368
1.27905
-0.291263
0.633528
1.78555
1.4966
0.96305
1.37017
0.866839
1.34707
0.952456
-0.794438
2.17152
0.564925
0.483081
1.37244
-0.004347
-0.862541
0.966673
1.68672
1.56312
0.697082
1.96141
2.5789
1.90872
1.5584
2.11729
1.2981
1.0836
1.39682
-0.179524
1.57655
1.40233
1.25024
-0.677519
1.04851
-0.36353
1.55872
1.06605
0.630076
1.05322
1.20406
1.32272
0.553076
0.871945
0.20042
2.11946
0.54542
1.36334
2.76509
1.1649
-0.288427
-0.293615
1.55105
0.0536643
0.641553
0.65481
0.739865
-0.732787
-0.281546
-0.887278
0.902904
0.00457887
0.859668
0.153066
4.42505
2.95964
1.77446
0.153714
1.19162
1.60225
0.992546
2.47589
2.51922
1.00659
1.79317
2.82298
0.685562
0.394913
0.144892
0.881962
1.11349
-0.708255
1.26046
1.06364
2.8682
0.279667
-0.198483
0.723745
1.12647
2.16245
0.723565
1.92021
0.645666
1.09457
0.557662
0.746222
0.419732
-0.0583219
0.702168
0.14471
1.83618
1.5669
0.692065
-0.0194229
1.54811
2.70236
0.443322
-0.160883
2.10093
-0.12503
1.65628
1.08796
1.44498
1.76129
-0.379769
3.18729
2.09886
2.51513
0.9807
-1.44208
2.22699
0.469357
0.854992
0.292126
-0.591888
2.19495
0.902697
1.61211
1.27774
0.719903
0.249939
0.794365
0.128668
1.66151
-0.15793
1.25417
0.533117
1.2276
2.78849
1.76344
-0.646564
0.527451
0.679681
1.83465
0.905421
1.98568
2.73754
-0.139006
1.52085
1.29523
1.02564
0.169348
-0.399276
2.77847
2.09216
1.23212
1.4085
0.978405
3.06236
1.65399
-0.462572
0.93647
-1.46006
1.83327
-0.573481
1.50998
1.56453
2.98534
1.9046
1.98452
0.753046
1.73883
1.17672
1.23658
0.329618
1.67315
0.617527
-1.24986
2.03205
1.97963
-0.728823
0.840604
0.517178
-0.353531
1.70838
0.867866
1.62517
1.44753
0.363806
1.13587
0.282637
0.270279
1.49422
0.684561
-0.150039
1.20192
-0.292805
1.41665
0.665492
-0.529872
-1.1949
0.0875839
3.43876
0.0764994
2.05053
1.08406
-0.560216
2.47432
0.743514
1.15079
0.683626
2.48343
2.59143
-0.0546687
1.54354
-0.0242462
2.73541
0.935715
0.995938
0.90762
1.37203
2.41286
-0.331715
1.68386
1.21435
1.27894
-1.2672
0.315744
2.10886
2.43403
0.478591
-0.175398
2.46729
1.89437
0.933177
0.858909
0.877598
1.90506
0.417338
-0.311073
1.53173
0.601332
-0.0538277
-0.171786
1.54665
-0.565528
0.609612
0.186791
3.58931
-0.423406
2.30904
0.81262
0.819895
0.372909
-1.09365
1.03583
-1.50529
0.166703
1.95579
-0.217101
0.24508
0.694077
2.06758
0.407492
-0.196071
1.27999
-1.55746
1.50677
1.20629
-1.16333
2.59211
0.884953
1.06739
0.373973
1.73578
-0.494334
2.03103
0.670049
2.87957
0.0251955
1.53184
3.18262
0.807735
1.42406
1.52624
2.33343
0.707759
0.0292894
1.69609
2.03589
1.3563
1.91473
-0.0721578
0.0697571
1.11103
1.33539
-0.00423652
0.241583
1.07744
2.3609
1.16725
0.386778
-0.508977
1.35138
2.23571
0.582439
1.77516
0.371207
0.873713
1.68272
2.03427
0.894811
0.879221
1.31621
0.49993
0.475751
-0.545131
1.22129
0.753951
-0.409898
0.978793
0.112436
0.450705
1.77163
1.41844
2.05427
-0.640856
1.45474
1.37898
0.481806
0.773151
0.794029
1.05756
2.84025
1.49761
0.895757
1.98675
1.28403
0.203363
1.15851
-0.444929
1.13888
-0.157582
3.51605
1.1233
1.46681
0.725101
-0.0138064
0.586898
1.08182
2.11418
-0.669856
0.997317
1.51928
0.780126
0.711612
2.59168
0.372864
1.20857
-0.280009
0.64058
1.95979
0.175069
-0.242561
0.257594
2.04165
-0.443543
-0.16212
1.17511
1.31978
1.34021
0.311536
-0.468521
1.3123
3.03268
2.99141
0.564233
2.00587
0.267301
0.579451
1.338
1.96798
3.41134
-0.374984
1.66048
-0.454915
1.58403
1.21497
2.39513
0.178068
2.35546
-1.07115
1.53678
0.601367
1.29345
-0.963676
1.25888
2.98194
-0.160233
1.16982
-0.591705
2.5802
1.14249
0.677794
1.31636
0.933514
0.568399
3.14438
1.2448
0.0815508
0.579472
-0.585612
1.65194
0.187505
1.94054
1.80332
0.542132
1.47596
1.9563
1.8434
1.66938
1.38459
1.83624
0.138374
3.42525
0.89849
2.08843
-0.531288
0.399871
1.02717
0.480747
0.798238
0.743379
0.442659
1.64752
-0.719379
2.4968
1.84503
-0.0282516
-0.747471
2.79195
0.172035
0.570095
1.66115
1.37941
0.450211
1.6043
0.30224
1.4625
2.59783
2.80741
1.44981
1.29667
0.00863776
0.222306
0.0492035
1.56164
0.328102
0.921283
0.014903
0.766154
0.553749
0.92068
0.93288
1.23626
1.48254
-0.687706
2.8179
1.67526
1.0875
2.26219
1.53412
1.55945
0.620447
1.31914
0.0116491
-0.123948
1.85245
-0.748072
0.73612
1.52253
1.27944
0.306121
0.16999
1.34401
0.317998
1.50762
1.30861
3.18241
2.73571
0.501537
0.391348
1.76953
0.771755
1.64384
0.118853
1.80201
0.75334
2.63928
0.668971
1.4744
2.34655
2.95931
0.979968
-0.265295
2.09535
2.04523
1.02688
1.82875
-0.0979451
0.872118
1.28633
-0.046635
1.53148
-0.0582548
-0.0244707
1.45885
-0.300629
0.761511
3.11299
1.08606
0.82577
0.6248
1.75601
0.818224
1.69942
2.059
0.993134
3.33203
1.89401
1.31389
-0.170654
2.35598
1.57147
0.435999
0.519792
0.360225
1.66012
0.0138897
-0.845368
1.08354
2.22994
1.56384
-0.188039
0.498617
0.405894
0.867934
0.531556
2.68579
2.0105
3.26734
1.22476
1.77129
1.91858
0.896962
0.988554
1.38426
3.04635
-0.354944
3.66777
1.86429
-0.969226
1.09436
0.450262
0.975522
0.975791
0.419156
0.724173
1.10235
2.46772
1.1272
3.40148
1.63774
0.239866
0.105533
0.0833321
0.568481
0.221591
3.44134
2.2018
-0.0842588
1.91241
0.442329
1.12605
0.987453
1.38746
3.31033
1.45048
1.68946
0.782127
-0.84651
0.00309486
0.894453
-1.6807
0.867568
0.664504
-1.57044
0.00651399
0.765986
-0.0854743
1.56887
0.996265
-1.22368
1.20423
2.48231
2.25755
1.57435
-0.64846
0.636742
1.63455
1.39025
1.72449
1.04656
0.669028
0.719659
1.35882
2.63585
-0.193702
-0.646453
2.23571
-0.667573
-0.212564
0.412082
1.2926
1.01828
0.3749
0.528279
1.09957
3.05354
1.67202
2.26155
0.135218
1.55345
0.836426
0.435458
2.4815
0.756338
0.19423
1.08125
1.49295
-0.857024
0.259289
2.46911
1.45783
1.26346
0.164845
2.08791
2.07978
0.858455
2.083
1.54597
-0.28827
0.473827
-0.617438
0.0285233
1.51605
1.41322
0.0388994
-0.105093
2.54378
1.41962
1.2438
1.4267
1.61686
2.71733
1.81044
-0.273673
0.889823
0.806532
0.46508
0.75614
0.295068
0.455626
1.4833
2.7362
1.96829
-0.587108
-0.826668
3.08008
1.62619
1.18743
2.6823
1.13465
-0.699091
0.125001
-2.0985
2.04897
2.3172
0.0395826
0.115346
-0.126201
1.54434
0.855396
2.04011
0.738653
3.57853
2.1308
1.63197
2.14997
0.155447
0.526513
2.20842
2.19387
1.38379
1.49585
0.662016
-0.470758
0.963944
1.40859
0.417539
2.3131
0.374853
-0.591084
1.95939
0.825552
1.18713
1.02112
0.591801
1.1138
0.773868
1.72089
0.904056
0.2947
0.232895
1.24561
1.0799
0.988933
-0.327633
0.900147
1.45064
-0.051694
2.05983
1.6125
-0.622418
-0.434106
-0.0315531
0.739386
0.265473
1.55126
0.337095
3.79069
0.854114
2.29469
2.81069
2.10505
1.14233
0.846869
0.697597
2.22768
0.661149
1.77443
0.840093
2.31579
0.827106
1.41288
0.424827
1.1428
1.56396
1.23786
1.66191
1.43458
-0.18429
0.0897277
1.57204
1.43794
1.541
1.49353
-0.160993
1.67716
1.08389
1.92204
0.744762
-0.333036
1.65702
-1.08028
0.520121
0.536473
0.992835
2.4592
1.57513
-0.48304
1.80384
2.7176
1.80203
1.49613
0.792528
1.13768
-0.742235
1.10309
1.63365
0.436889
0.966615
0.782256
1.38879
0.526004
3.52541
1.83527
0.0521699
2.9246
1.27144
1.51242
-0.672889
2.46788
1.8828
0.429019
0.527511
0.718504
1.03299
1.00722
2.30668
2.40881
-0.210799
2.12593
0.428091
0.809299
1.22834
0.716536
-0.999013
1.9084
0.174106
1.34034
1.60808
1.44988
0.586622
1.03767
0.6346
1.56836
1.54182
2.06692
1.92469
0.196175
2.46019
1.9965
1.05675
0.342087
1.06862
-1.17595
1.16108
1.62692
2.14843
-0.476669
-0.815931
2.99712
1.19515
2.12781
1.68091
1.58535
2.49539
2.63713
0.415739
0.0776924
0.274527
1.3716
2.02138
0.82417
2.27071
1.14915
1.00145
1.25828
-1.428
0.270228
1.05694
0.146052
0.703569
0.827599
0.0809956
1.99944
1.09768
1.35751
1.36922
3.202
1.39465
0.525538
0.384778
0.299567
1.15891
0.569911
2.61798
0.49743
-0.172017
0.616474
1.44607
1.25074
2.44935
-0.0893092
1.0138
-0.518928
-0.601769
2.28354
3.31764
1.23864
-1.22467
1.85752
1.40771
0.616324
0.00429806
3.20387
0.656523
0.594294
0.87738
0.486611
0.029838
0.585138
0.864291
-0.76819
0.093997
0.829002
1.63642
0.664878
1.56059
2.34618
-0.950488
0.570883
-0.135738
0.624331
-0.0952779
0.210003
2.17708
2.02024
0.663195
3.17666
1.27762
2.796
1.5661
0.735749
0.661615
3.01301
2.60067
0.300992
-0.426612
1.04321
-0.0495616
-0.343737
1.49552
-1.52169
0.350542
-1.05426
1.75293
2.8854
1.42722
2.73407
2.82127
1.49329
2.96336
1.28986
1.13073
2.42554
1.73565
-0.441794
1.82526
1.45317
-0.363576
1.37706
0.749893
0.563088
1.54732
1.5216
1.23999
-0.659617
1.09906
1.0922
2.24435
1.5663
1.17319
0.796931
-0.404904
0.126301
0.904267
-0.162538
-0.0186435
0.414474
2.30737
0.889433
0.17817
1.08978
0.52632
2.65309
0.572673
0.474541
0.110299
0.74487
0.361055
0.522939
0.0566659
0.715243
0.207118
3.86668
3.57554
0.369115
1.59336
1.21173
0.947149
1.01402
2.25746
1.22765
2.02961
0.102046
2.06771
1.53286
1.48555
1.42392
0.176523
1.22457
1.95917
0.920907
-0.525095
1.70842
0.928958
0.556638
0.542965
0.861426
0.546708
0.829698
1.42734
1.61019
0.93251
-0.616862
1.22625
0.98241
0.598904
-0.518832
0.722499
1.35074
1.71852
0.747127
1.16452
1.27904
2.52385
-1.03798
2.58858
-1.26386
1.68473
2.22558
0.655436
0.171183
1.63158
1.62651
0.0401549
1.84638
1.37173
1.50364
1.4518
1.96049
-0.118308
2.03903
-1.40407
1.55336
2.25782
0.784053
-0.367739
0.74791
0.423993
0.865017
0.750594
1.15701
1.23377
0.711767
0.505789
1.42232
0.497665
1.39472
1.09808
2.25514
1.1989
1.3181
-0.089881
0.286022
0.783071
-0.239275
-1.54663
1.13419
-0.16246
1.35536
0.760668
0.527485
0.672665
1.0805
2.15847
-0.787016
1.68347
1.76384
1.04686
0.939352
0.708233
0.949817
0.954098
2.17199
1.50518
1.53729
1.41604
2.31047
0.468831
3.5422
-0.500688
-0.84627
0.949648
1.94116
0.390884
0.366035
-1.37712
0.0912717
2.1454
-0.369855
0.272554
-0.0912487
-1.05494
-0.140818
-1.04942
1.73992
1.83521
2.92953
1.03432
1.09622
0.259945
1.88403
1.77392
1.43952
0.40859
1.64349
0.544981
0.950011
0.185525
1.52618
-0.659613
0.891484
1.38882
0.665766
-0.47172
0.112886
1.43943
-0.90251
-1.01029
0.51574
2.54673
1.1326
1.44838
2.04648
0.318621
0.179947
0.18
3.31204
2.25894
1.74809
-1.12527
1.61973
0.170722
0.221078
-0.00682169
-0.0126171
-0.565455
1.20563
1.05458
0.267923
-0.289591
0.874797
1.02817
0.663811
-1.74932
2.54111
0.714269
1.10882
0.18866
0.320596
2.73087
0.208293
1.01187
1.98896
-0.887529
-0.204974
2.18702
0.477761
-0.448481
1.08787
-0.364537
0.710311
2.28912
1.81356
-0.101804
1.70762
1.94123
0.275711
0.311965
2.18191
1.50086
1.9848
0.831411
2.68128
2.23919
-0.669686
-0.11855
-0.0767943
0.0116107
-0.707518
2.60837
1.7823
0.777884
2.29066
1.36958
0.977428
-0.504325
0.760203
0.744428
0.496747
1.26662
1.93324
1.24888
1.21383
-0.758701
1.99269
-0.328565
0.356169
1.83055
-1.81084
1.30855
1.7715
1.63937
0.217942
1.69547
1.52487
2.56777
1.81586
2.57251
0.927314
2.11304
-0.250079
0.10114
1.31364
0.949348
0.628785
0.636833
1.41511
0.839519
0.419117
-0.182259
1.49357
1.61211
-1.05004
1.67803
0.446478
1.57672
1.39804
0.598646
-0.118473
0.0644007
1.77349
-0.176416
1.52587
1.00183
0.266465
-0.791641
1.74742
1.12763
2.29965
-1.29059
2.55557
1.30833
0.773688
0.79943
2.43177
0.922003
0.106927
-0.0772898
-0.638346
0.339578
1.04416
0.87981
1.13766
1.09872
1.76621
1.49482
1.39432
1.1006
0.731387
3.15226
2.37163
1.41011
1.31022
1.39087
0.0542938
1.07183
0.954927
-0.330488
1.60644
2.71666
1.16032
2.14947
1.88135
0.758428
1.04535
-0.219172
2.34745
-0.560417
0.459638
0.257462
0.176637
0.742786
0.746
0.956345
1.88517
2.05837
1.25338
0.949614
2.9972
-0.156871
0.036246
-0.115734
-0.354313
0.149634
-0.42635
2.29119
2.15941
0.745556
1.11148
0.414079
0.77892
1.37312
1.05256
2.11742
2.33663
1.01439
0.456651
0.413978
-1.11071
0.526647
0.163322
-0.530426
1.07424
-0.582194
1.75189
0.727879
0.500272
1.40549
0.852636
2.97021
-0.433452
1.74835
0.446718
1.23891
0.253206
0.0240182
0.299442
1.8167
1.06539
-0.0526911
0.502109
1.22552
1.1216
2.73257
2.2972
1.85784
1.54945
0.982625
0.383392
1.70354
-0.119176
-0.528755
-0.249255
0.982331
1.44778
1.99291
1.31823
-1.42288
-3.21972
0.595671
1.34254
-0.027399
0.643953
-0.948201
0.189227
1.57878
1.79634
2.67718
0.314801
-1.25921
1.26166
3.36453
0.530607
0.711582
0.593468
1.06822
0.0223398
-1.89056
0.424042
0.278987
1.30427
1.09645
1.26225
2.00991
-0.408167
0.133401
2.18436
2.33771
1.15529
2.43432
1.19542
0.905671
-1.06684
-0.412605
1.56123
2.86091
1.84184
2.63419
-0.711462
3.54294
2.29883
-0.694311
1.24295
-0.951246
-0.185735
0.874837
0.464517
0.6394
0.866116
1.10479
1.17045
0.896618
3.87364
0.0599721
0.696217
-0.0204724
2.17045
-0.804981
0.733121
0.282614
1.16036
-0.333181
0.0336502
-1.60671
0.731515
0.900489
0.766128
0.552145
1.6652
3.04752
1.12321
1.4595
-0.751404
1.62328
1.8194
1.59692
0.261848
0.33914
0.122638
-0.531817
0.77828
0.270208
1.49169
1.74257
-0.942089
1.62853
2.22891
1.87289
1.20734
1.80285
0.903761
0.487711
0.503333
1.7829
-0.563768
0.355942
1.74355
0.806576
2.43021
0.207881
0.0752549
1.37325
1.44174
1.02625
-0.138372
-0.0111087
2.54315
0.622451
0.799042
1.1148
4.14728
1.96731
0.688824
0.827062
-0.331186
0.913962
0.88715
-1.25731
3.01197
0.402491
2.47129
1.65644
-0.0593726
0.0851519
1.57575
-0.323734
0.876315
-0.374705
1.03556
-0.73059
1.25043
-0.119369
1.66124
1.55872
1.22399
1.81504
2.32245
-0.376571
0.913138
-0.725066
1.36774
1.71683
1.24689
2.24771
0.210794
1.11381
1.53345
2.20553
1.50407
-0.98023
0.622713
1.88771
-1.34309
0.820754
1.63837
0.445539
0.136972
3.08921
1.76833
1.78372
-0.00169506
-0.697061
2.16828
0.529001
0.877182
0.939068
1.39575
2.49883
0.205812
0.974755
0.571581
1.70104
-0.569917
2.12851
1.7991
1.10639
1.35096
2.12578
1.26285
2.74004
-0.300777
0.970126
0.0654009
-0.293902
-0.516314
1.21947
2.2313
0.088822
2.19595
1.13901
0.418741
-0.0967805
-0.594788
0.477649
-0.0561097
-0.928585
0.362576
2.23561
1.88908
2.00365
0.170489
0.893149
1.39326
0.0423854
3.0333
0.772746
2.66788
-1.08729
1.86353
0.324485
0.791745
1.8462
2.826
0.833286
2.46878
-0.898285
2.74835
0.154132
0.720311
3.22006
2.65431
2.83966
1.79466
1.62518
2.53879
0.75526
0.824473
0.788497
0.260957
-0.443902
0.881139
3.13113
1.77195
0.208414
2.66984
0.989529
1.56082
0.771163
2.4382
2.15214
0.683729
1.91372
0.294058
0.768912
0.111824
-0.391021
0.595343
0.979983
-1.10638
0.187757
0.710495
1.47792
-0.0926354
2.72655
1.85515
1.42104
0.639598
0.503757
1.3571
0.811603
1.80399
0.642007
1.74868
-0.0578775
1.60114
2.71584
0.905866
0.48569
1.87238
3.26804
1.25889
0.960863
1.99648
1.01148
0.312505
2.27117
1.58275
-0.173892
-0.472591
1.26883
-0.0823085
0.257482
-0.39874
-1.01538
1.89017
-0.333444
1.37652
2.84922
1.86938
2.61645
1.93245
0.697471
0.824342
0.240082
0.430211
2.15653
2.84753
1.62186
1.40882
2.35193
0.725948
1.32743
1.57723
-0.0950109
2.3811
-0.142569
0.576455
2.76769
2.57506
1.19552
-0.908779
0.150068
-0.604502
1.04335
0.964973
1.84521
0.0188286
1.44968
0.184008
1.64447
2.20288
2.65461
0.649503
-0.762022
-0.466182
0.537073
-0.335165
0.690159
0.0269125
0.531169
2.22986
1.24761
0.784449
-0.474672
0.409903
-1.35113
0.334708
2.53723
1.41646
1.31053
1.62278
-0.541701
1.31191
1.89797
0.129796
1.22871
0.0308387
0.671216
-1.37831
1.05025
0.626674
2.65919
0.932287
1.44728
0.944363
2.61288
0.551292
0.00760101
1.28974
-0.317958
0.565781
-0.101521
-0.300207
0.181475
1.21333
2.63839
0.221187
0.560582
0.50931
0.35596
-0.0244997
0.845091
0.475821
-0.00737895
-0.586144
2.46016
-0.497795
0.75419
-0.103419
2.61438
0.8164
1.25706
0.262335
0.27332
-0.0400854
-0.0819148
-0.327865
-1.07671
1.91625
-0.123416
2.31876
0.888213
1.02028
2.56187
1.30348
2.09059
1.00635
0.113135
1.80755
-0.12037
1.24585
0.484254
-0.494222
0.239877
0.0107486
0.308891
1.37753
0.280473
1.48542
4.64925
2.04883
2.92636
1.92067
1.36278
1.24431
1.094
0.115218
0.177031
2.49508
0.618604
1.25628
-1.16071
1.25614
-1.34239
2.44302
1.41869
-0.620639
0.616376
0.342826
-0.404232
3.46215
1.76019
-1.82621
1.81472
2.67042
1.58881
0.0921621
2.30142
2.66166
1.33955
-0.33974
2.76288
1.02602
0.958215
0.112781
0.53296
1.47517
-0.788751
1.23907
1.81267
1.60086
-0.519405
0.257338
-0.97336
0.256647
0.194398
1.49779
0.10207
1.15486
0.437097
0.0876347
0.596546
0.780084
1.89289
0.224706
2.29239
0.103204
-1.121
2.10436
0.607676
2.82092
0.16765
1.97248
2.01254
1.36036
1.18134
1.71983
1.28422
-0.103478
0.810435
1.44626
-0.401995
-0.216191
1.08148
0.939397
0.0849169
1.71181
1.06567
2.02697
2.05198
1.27559
0.233701
1.68861
2.22797
0.899187
1.6164
0.182142
0.00915745
1.17937
2.43971
1.63033
1.98078
1.88967
1.54553
-0.0407951
0.752458
1.02719
1.52534
1.1474
-0.661889
1.3027
1.35101
-2.29601
2.38899
0.322028
-0.156804
0.681787
1.12797
0.609295
-0.512056
0.303343
2.00895
1.11132
-2.05055
0.668863
1.56554
1.54776
0.877443
0.528247
1.76008
3.10222
0.741014
2.49546
1.29736
1.26307
1.38636
1.64143
0.333936
2.5943
1.79381
-1.99336
-0.100807
2.79072
1.65384
2.05475
1.51911
1.05635
1.3719
0.498221
1.60895
1.9657
-0.702463
0.149247
1.34016
0.738507
1.75431
1.49692
0.833928
0.523101
1.24514
2.55987
0.317016
1.40897
1.57257
0.330251
0.373594
2.28816
1.63485
1.95323
1.96401
1.81272
1.19594
-0.886209
1.92953
1.09497
1.28761
2.78004
-0.532967
2.27492
0.145937
1.2423
0.246282
-0.670863
2.27178
1.75098
0.687404
1.0805
1.02123
0.132178
0.629221
0.66327
2.43518
1.42024
1.57764
1.67654
1.11674
2.62058
1.47421
1.5106
1.90704
1.1873
-0.0514367
2.03191
-1.01913
0.426517
1.99409
-0.461799
1.29213
2.05892
-0.0427086
1.35703
0.729158
1.05968
1.02838
0.883196
-0.264456
0.703014
-1.52372
1.60678
-0.275601
0.668693
2.00465
-0.00545523
0.251016
0.664137
0.561937
-0.195333
1.09223
2.03772
-1.87037
2.97458
1.20621
0.0123117
-0.27341
1.79405
2.48359
1.30155
0.700203
1.11055
1.49987
1.59695
0.905788
0.905535
2.29087
2.04711
0.483853
0.15903
0.51789
0.684844
1.51586
2.33352
1.6792
1.24611
-0.0415725
-0.00897575
1.29229
0.169503
0.290963
0.395761
-0.0671039
1.3589
2.34392
0.37563
0.378421
2.28694
0.464985
0.456965
1.8312
1.54414
1.07504
1.34397
1.87081
1.10186
0.717499
0.395902
1.09016
1.03303
0.722961
1.77008
1.6475
1.71155
0.82706
-0.200709
-0.183868
0.255557
1.16548
1.32542
0.736859
0.956755
1.85063
1.06975
3.99919
0.521616
1.94534
2.08507
0.728026
0.801714
-0.282821
1.82027
0.988337
2.01
1.73624
2.89554
2.83249
0.59346
1.17741
-0.0770914
0.328603
-0.315591
1.60116
0.452443
0.966997
1.32857
1.28403
0.0343821
1.53255
1.79461
2.30383
1.26857
-0.705317
3.22558
2.30726
-0.192116
0.970262
0.867987
1.45352
1.63988
0.629142
-0.219292
0.898907
0.112607
0.43641
-0.389592
1.33147
0.279054
0.934689
0.271618
1.29565
0.474901
-0.511576
-0.377963
-1.08349
-0.316326
0.125573
-0.712375
-1.02433
0.994628
1.45664
0.188346
1.25727
1.26569
3.28464
-0.00428409
1.46232
-0.632168
1.40691
0.482081
0.604208
2.95357
0.797852
1.3083
2.02606
0.934979
0.0653594
2.22915
1.64458
1.40491
0.903711
1.03489
1.17821
0.095891
-0.25702
0.357335
1.61855
-0.366624
-1.24987
0.332496
-0.0334681
1.29385
1.88982
1.36273
1.35592
1.16344
-0.41058
1.63546
1.54497
2.71007
1.04368
3.93113
1.95784
0.427863
-0.255769
0.413947
0.957866
1.87894
0.0950683
1.29841
0.557843
-1.12262
0.307531
1.15357
0.767545
2.00013
-0.532773
0.9837
-1.1109
0.260255
2.56722
-0.329659
1.05151
1.09265
0.818694
0.45276
1.60688
1.14375
2.03865
-0.601869
2.21914
1.55942
0.402947
1.43818
3.56744
1.31458
-0.760255
3.13399
3.05061
2.35393
2.65144
0.253008
1.88126
0.149215
1.56412
0.552856
0.929043
0.740029
0.308846
2.95233
-0.347496
1.63468
0.187563
1.71773
-0.303308
0.853996
2.7763
0.135261
0.824198
0.073836
1.8488
1.08846
0.563044
0.960037
-0.391215
0.14581
1.24808
1.82724
0.0688696
0.970526
1.53749
-1.46535
1.88172
2.37328
-0.543817
0.539448
1.07121
0.0720561
2.8705
2.60802
1.34852
0.15082
0.72879
0.709214
1.07356
1.7807
0.190211
0.815677
0.230593
0.102857
1.79074
1.18075
-0.0937877
2.25925
0.631089
0.197045
-1.68467
-0.829739
2.99565
0.497107
0.114915
2.01876
2.13212
0.144336
0.974048
1.51591
1.96248
2.27889
1.14855
0.190328
-0.267241
0.635041
-0.418659
0.224336
-0.0248306
2.64253
-0.628792
1.19839
-0.309259
1.53144
0.0620916
1.61927
0.84878
1.90295
2.36174
0.843262
0.4539
2.50694
2.13983
2.22953
1.12992
1.45386
0.856367
1.59153
1.9651
0.913333
2.31204
1.51521
1.19879
1.7463
-0.294418
2.12208
1.67969
1.76255
1.25306
0.951899
0.393199
0.272881
2.02795
1.94956
0.456656
-0.246561
1.13342
0.888206
0.516839
2.44712
-0.095341
1.30115
0.864481
0.107618
1.58936
1.00227
1.49787
0.255308
0.71099
0.0206328
-0.158143
0.14588
1.28016
0.649725
0.460073
1.8545
0.814742
0.471386
0.811635
-0.234814
3.28127
-0.290851
1.6869
1.89374
1.95561
1.21014
1.82647
1.43498
0.00184844
0.298138
-0.410011
1.53052
1.4742
0.573245
-0.592312
0.704908
1.51398
0.731547
0.914791
0.826372
2.50343
1.77942
3.30944
1.63035
1.28543
0.990523
1.33486
1.72802
-2.31497
2.15786
0.397161
-0.0118702
1.35823
0.554001
0.0425521
2.49174
1.06315
2.10911
-0.258118
0.909316
-0.36576
1.61018
1.55837
-0.917112
1.90424
-1.18641
1.24909
2.02848
0.292236
1.28905
0.455345
0.943205
-0.329553
-0.359397
2.51215
1.25877
0.732855
0.3752
0.942744
2.05831
0.409257
2.18036
2.85468
1.11035
0.911117
-0.939038
0.213535
2.06605
1.05407
0.34582
0.645345
1.14254
1.91924
1.50632
-0.100418
-0.00764401
0.835239
2.27008
0.619165
0.374396
1.38619
1.01342
1.8536
1.20355
-0.262495
0.262526
1.30213
0.524523
1.42209
0.749111
1.64273
-0.788584
2.01996
0.442633
0.172663
-0.199523
1.12068
1.24769
2.38928
1.87346
1.0053
2.06548
-0.273514
1.88202
2.2111
-0.619903
0.0304466
2.57486
1.59468
0.54488
-1.07078
0.812014
0.35317
1.80271
0.672722
1.43307
0.740002
2.0053
-0.134123
2.13643
0.664509
1.32385
0.935293
0.590942
0.993229
0.667392
0.311971
1.79993
-1.15815
3.08455
1.72151
0.362131
0.607222
1.686
0.415723
0.388871
1.09868
2.43177
-0.217319
1.55423
0.605125
0.828733
0.109166
1.30727
1.21609
0.873877
1.95843
0.0868109
1.00322
1.94981
0.765933
0.40464
1.21527
0.437662
1.47068
-0.405086
1.18718
1.51567
0.978754
-0.538799
0.344831
0.570843
1.11525
0.673175
-0.284514
1.02265
1.76486
0.350545
0.0785154
0.0346808
1.55414
0.814722
-0.289171
1.36499
1.41347
2.29981
-1.17785
2.05032
0.955682
2.07971
2.12249
1.17203
0.260294
1.26252
0.26668
0.174226
1.07871
1.54728
0.0218241
0.566336
1.88377
0.878875
-0.0474164
0.924809
2.10175
3.01805
2.50329
0.382899
-0.734507
2.19048
-0.0938519
0.634561
0.188272
1.90833
1.15768
0.82285
0.596365
-0.00841785
0.768119
3.24007
1.47447
-1.47421
-0.0637936
-0.165993
-0.282578
1.69828
1.17667
0.65063
-0.651804
0.0907216
3.3152
1.39719
1.44326
2.8841
1.20833
0.939189
1.57279
-0.123746
0.643464
0.416204
-1.12918
2.49102
2.54292
0.646536
0.495007
0.717716
0.709856
1.61477
0.619502
1.57228
1.65414
0.705599
1.56809
2.49842
1.15773
1.34907
-0.62742
2.0585
1.42734
1.30605
0.78991
1.75269
0.745274
-0.617912
-0.358934
1.3738
-0.923973
1.47697
0.869378
2.35454
1.56767
0.368364
1.72805
0.929031
0.284098
-0.61955
2.79436
0.741961
1.06502
1.75799
2.41404
0.79116
0.087972
-0.606671
1.50526
0.472748
2.40594
1.37815
-0.203427
0.58649
2.54659
0.188229
1.40317
1.5133
0.650827
1.28473
0.520202
2.03711
0.684099
0.987172
0.9546
0.583036
2.60711
-0.378399
0.0939819
0.413673
0.54556
2.80674
0.838163
0.325548
0.0781566
2.46732
2.74789
2.08864
0.255328
0.72212
-0.163162
1.91189
1.88628
1.46299
1.45041
2.56996
3.84282
2.79843
1.84564
2.50312
0.383022
3.14603
1.79051
2.0631
0.791428
2.2135
0.619338
0.208084
1.71712
-1.02051
0.151973
1.58504
1.02622
1.21996
2.07474
0.174795
1.98356
1.18622
0.580153
0.0363926
2.13701
0.459707
0.527564
-0.156044
1.57754
0.150483
-0.720697
1.6209
0.731958
1.37785
1.63052
0.162228
1.1656
0.141797
1.35782
2.4441
1.96859
0.71299
1.80119
2.73242
0.786093
-0.102334
0.349421
1.84963
1.8316
2.19598
0.645494
0.696558
2.11738
-0.550679
-0.220193
1.16772
2.01562
1.34968
0.692276
-0.355248
0.572611
0.0337707
1.15157
0.870442
0.323689
3.41305
0.206892
2.66638
0.992005
0.440787
0.0257938
0.336821
-0.0944804
1.07186
-0.548186
1.35091
1.70233
1.4695
0.929789
0.904584
-0.187061
0.0514735
1.62267
0.346219
0.280136
0.225912
0.517659
1.65465
2.86469
2.72502
0.850388
-0.592831
2.26976
1.92777
0.436482
1.40713
-0.297554
-0.668522
0.704046
-0.0034464
0.843149
2.2776
-0.155391
0.878371
2.07622
1.24887
1.57515
1.50795
1.40434
1.68233
0.662553
-0.100975
2.10843
0.890018
1.06375
1.12351
2.6482
-0.480675
1.9839
1.47033
0.0431324
1.94905
1.04106
0.972478
1.28194
0.210363
-0.121551
2.53314
1.07716
1.21225
2.73685
0.240175
1.57608
0.311322
0.994841
1.58418
0.389494
1.53727
-0.336474
0.777266
0.543867
-0.867597
1.24963
2.27493
0.797414
-0.0590855
-0.261402
-0.0643519
1.08097
-0.610232
-0.600704
0.510903
0.462042
-0.170135
-0.407562
-0.0392468
1.90495
-0.0817495
0.388001
2.92319
0.993681
1.06794
-0.610184
1.52029
1.76533
0.836488
1.334
0.942903
1.10174
1.06258
2.00717
-1.26855
1.67987
-0.328383
1.49403
-0.516761
1.57829
0.919702
1.19667
1.56102
0.301308
2.0603
0.102573
4.31812
0.606023
-2.32261
1.80529
0.412302
0.521377
2.49994
0.921321
-0.236861
0.932147
0.923485
2.0586
1.11515
1.7446
2.50954
2.24613
-0.667349
0.556341
2.45633
0.831622
0.0435456
1.65495
1.75317
2.01256
0.195873
1.02532
1.60898
0.275009
0.540669
1.45746
1.37086
0.0192637
1.42846
1.79398
1.50928
1.21448
2.50968
0.339582
1.36861
0.672551
3.19796
1.03159
-0.0490354
3.34184
1.21925
-0.825324
2.14586
-1.19897
3.00683
2.07359
-0.656001
2.01902
0.110754
2.73297
2.73149
0.313998
1.07664
2.27485
1.16692
0.380127
-0.116479
1.46719
0.0418659
1.12562
3.33756
0.979789
2.14521
0.806039
2.43709
-1.95228
0.971813
-0.97657
-0.702673
1.68936
0.580975
1.28704
1.67174
0.666951
0.51874
2.33171
0.510454
2.27605
2.18653
1.93757
1.21115
0.815766
0.0459244
0.901511
0.447504
0.291974
0.410341
0.915772
-0.929331
0.687311
2.45702
1.61714
2.02206
2.09578
0.932189
1.33283
1.02852
1.73621
1.84584
-0.0114988
-1.4605
-0.678963
0.85659
1.08327
3.16612
2.43757
1.36439
0.823319
-0.429057
-0.227633
1.49598
0.198433
0.00527124
-1.72798
1.18764
1.31336
0.65254
0.392271
0.412624
2.17411
1.6134
1.58516
0.867236
0.589428
0.957187
0.616596
0.576592
1.62146
-0.622469
0.0796359
2.34991
0.701782
3.24566
0.331999
0.0346625
-0.0936293
1.57482
0.963017
-0.67555
0.860983
-0.144718
0.687167
0.00355258
2.48413
0.682015
0.601062
1.05756
1.92294
0.880759
2.10133
1.45504
2.15554
1.02235
1.80268
-0.417172
0.894987
1.51469
1.8566
0.153027
2.19123
-0.247238
1.33356
0.665204
1.87075
0.72184
1.21775
2.15149
0.205858
-0.288467
-0.396818
-0.433226
0.127507
0.992337
0.650025
1.04589
-0.469512
-0.331248
0.872612
2.29622
1.55939
-1.42999
0.954706
3.12311
0.638311
1.78231
0.226683
1.62683
1.95345
0.171085
0.730223
2.2554
1.98242
1.09743
1.81147
-0.295013
0.728737
0.565641
2.0015
0.680409
0.658097
2.19919
0.582759
0.90616
0.932113
0.0723375
1.01205
-1.45483
3.14858
2.01532
2.42792
1.4855
0.271203
0.0933011
0.695062
1.93229
0.227507
-0.0749769
0.968643
2.14351
0.863128
1.08139
1.05866
0.628709
0.970953
0.34164
0.385483
0.607279
1.02617
0.717666
0.95424
1.79452
1.5576
0.392032
1.0363
1.16624
2.25708
-0.0184733
1.8631
1.06911
1.29802
1.40361
0.658258
1.14223
0.856463
2.78102
0.981665
1.92754
-0.383729
0.436915
2.42767
0.434113
-0.168419
0.978906
0.369112
-0.213943
-0.0959369
2.12481
0.886269
0.0516563
1.04484
2.07777
0.420121
0.590258
0.657551
1.43167
0.34455
1.74066
0.549101
0.732296
0.555763
0.498783
1.43753
0.536424
2.07568
2.32925
1.91865
0.649779
0.326143
2.19744
0.658404
1.64793
1.46237
2.15613
0.197213
1.78877
2.31897
1.8765
0.427157
0.697886
2.46563
0.0773172
1.76386
0.839436
3.08189
1.76421
2.42893
1.36938
0.585363
0.969782
1.968
2.26159
0.810735
1.47255
-0.207782
-0.557356
0.364839
-0.0126393
0.038765
-0.323303
0.8149
0.682578
0.815055
0.0629307
-0.34168
1.24682
1.69061
0.630666
0.727393
0.49787
0.409666
1.33122
1.69986
0.558232
0.402013
2.22436
1.05719
2.64435
0.266236
3.13003
2.86146
1.56388
5.2164
2.27045
5.08901
2.71483
3.22045
2.74045
4.36469
5.20655
2.09128
3.55167
4.87649
4.31822
2.82858
4.57515
3.56415
3.142
1.84892
4.64574
2.04552
2.51313
1.63172
4.05371
3.17597
4.52542
4.15319
4.21962
4.75638
3.19391
3.52029
3.51602
4.22384
5.72738
4.15863
4.48734
3.72137
2.5004
4.6344
3.56741
3.11553
3.63598
3.48771
4.89417
4.74765
4.08842
2.37997
3.92815
3.50694
5.65289
5.0007
3.94346
2.58733
3.19687
4.25428
4.53605
3.27065
2.93214
4.78484
3.96119
3.19519
3.45217
3.55242
3.78463
4.39579
4.039
3.94089
3.07733
2.20865
5.26044
3.89836
4.73568
3.68184
3.80271
4.40437
3.45561
5.04169
4.39633
4.24717
4.30531
4.27322
4.15237
4.3006
4.87106
5.33015
4.82876
3.33139
4.66051
4.35551
4.32981
6.3206
3.26862
4.96335
4.50614
6.72825
3.16539
4.04581
5.75569
3.55891
5.1044
3.8944
3.5534
4.62107
3.67171
3.82802
5.08288
3.61107
3.76665
5.35476
2.60049
3.06772
2.62829
4.33436
3.26371
5.03254
4.34812
2.96839
5.03752
3.02756
5.32512
3.18745
5.45455
1.66091
3.03543
2.7386
3.52873
3.26033
4.19604
1.07712
1.45923
4.59384
3.79347
4.13914
2.43144
2.88029
5.53196
4.34306
4.38793
4.24239
5.89512
3.50145
4.18728
4.77794
4.25956
5.26954
4.09505
3.9424
4.47006
5.40686
1.9339
4.16375
6.03336
4.6908
3.44541
2.54591
3.66462
4.2594
3.48701
2.60881
4.11776
4.89005
4.01083
2.98854
4.41158
4.98457
3.09835
1.36075
4.48789
2.51526
5.26615
4.34895
3.83754
2.42821
3.75401
1.86245
3.57042
4.52367
4.18471
4.50104
4.95398
3.59542
5.27475
3.57282
3.44458
4.38871
3.2174
3.04263
3.6247
3.04212
5.03904
3.48185
7.42853
4.63896
3.43389
3.49011
3.74357
4.07527
3.63224
3.15256
4.1803
5.18505
2.2339
3.50249
4.62149
3.30581
3.97511
3.54258
1.55569
4.15546
4.22902
5.19148
3.90446
4.57616
3.63555
3.85584
2.51202
3.53271
6.09178
4.83287
4.42667
5.89026
4.52888
4.19815
5.37628
4.78706
3.54193
4.82151
3.87723
4.7793
3.61843
4.85098
3.32831
3.90401
3.28829
4.24421
5.17057
3.71027
3.64573
4.19958
4.79595
2.78809
3.7278
3.00596
2.72294
3.08132
4.90482
4.67724
3.13973
4.6858
4.90756
3.28223
4.86031
3.58078
4.43153
3.34204
4.03893
3.44542
3.96961
3.89986
3.55245
4.44896
4.11274
3.3085
3.46773
3.57828
5.70073
5.31188
4.03534
2.73
5.84068
4.5189
2.86964
4.02856
3.70716
4.85685
2.12361
3.29717
4.35198
4.44377
3.50661
4.72537
3.68113
5.25042
3.76801
3.84765
3.12316
4.74166
3.19588
4.13409
5.10395
4.56296
3.78233
2.10813
3.13698
5.43319
5.3995
2.96372
4.44117
3.55258
4.5689
4.57313
3.04038
6.49414
4.6978
3.85534
3.14616
3.58511
3.42497
3.84105
3.36556
5.38437
3.63346
2.36201
3.15614
5.33217
3.25411
3.41581
3.56232
1.86117
5.19708
2.3424
4.41039
3.2086
4.69096
4.0819
4.97949
2.53904
5.48749
5.29045
4.4009
4.00959
2.92374
4.44852
4.01316
3.76766
4.6911
2.62745
3.79404
4.51506
3.45066
3.85749
4.94542
4.26747
3.2381
4.74823
4.47425
4.50037
5.28772
5.06381
3.94983
1.22894
4.01193
2.61444
3.3347
2.00217
4.28508
4.90365
2.33966
1.04374
4.32391
3.36535
4.09313
5.47195
5.31416
3.10173
6.17565
4.74024
3.14126
4.35582
3.94044
4.59597
2.95188
3.96626
4.50191
5.06205
5.38772
3.6239
4.58252
3.6649
3.51359
3.21635
6.10759
3.12591
4.58953
5.38593
5.23097
1.82273
4.80345
3.88752
3.86341
5.24451
5.25631
3.888
4.44947
3.56393
3.90883
5.57843
5.77637
4.92201
3.53314
6.32997
3.59638
3.23002
3.57917
3.68909
6.39848
3.25471
5.0124
2.10184
4.02635
5.20336
4.91562
3.3022
4.42503
3.60655
4.72512
3.96909
4.21146
4.47478
2.67577
3.92951
3.68464
2.67408
4.36849
4.26148
4.82158
4.47583
4.35817
3.70671
4.18594
4.88983
4.27776
3.36289
5.69793
2.46562
4.44433
3.68387
3.83449
5.00819
3.70619
3.97242
3.50966
4.07428
5.02601
4.35149
3.30203
4.79327
3.75005
3.48234
3.87567
2.73942
3.89933
4.9654
4.87031
3.81655
2.91732
3.98492
2.68725
4.44718
3.11944
2.23506
2.4622
5.60123
2.69369
3.66821
4.243
4.03199
4.373
3.41121
3.83206
1.94295
4.40283
5.137
4.0229
5.29658
3.76711
3.70045
3.91934
4.0498
3.04503
5.11033
3.46558
2.69497
4.94296
3.56509
4.92369
4.09131
2.41796
5.03761
4.5175
2.48949
3.6669
4.76114
4.13349
4.32861
4.70629
3.28267
4.01078
3.09669
4.63908
3.33612
2.93608
4.39044
3.86997
6.22187
4.05629
3.91441
4.4374
4.61198
4.95386
5.24513
2.86727
3.95096
3.39686
3.92171
3.68557
6.11047
3.69952
4.56113
4.2715
2.68618
6.07544
6.10847
4.42349
5.23231
3.54395
2.91143
5.56366
4.12933
3.93915
4.95693
4.12679
2.1635
2.99072
3.32308
4.0753
3.7803
4.5897
3.3776
4.22606
4.54679
3.84597
5.17217
5.25933
3.05809
5.10647
3.64249
4.80302
1.83925
2.66179
3.49808
6.29912
4.04041
2.40046
5.46352
4.04564
3.79874
4.3539
3.61982
4.11518
4.85477
3.32083
4.80693
4.59091
2.87429
3.29994
3.62175
3.07396
1.77984
4.11923
3.48555
4.86641
5.02905
4.84764
5.27361
2.56707
4.29723
3.98925
3.97131
2.89031
2.15587
3.00483
3.64448
4.37231
4.53745
1.25884
4.70972
4.56748
3.23474
3.341
5.386
4.55789
3.8342
4.47773
5.17665
3.97085
5.22267
2.90261
4.86998
4.71254
2.52624
4.22184
4.43413
4.10451
4.75391
3.39449
2.70777
4.5362
3.79277
4.7044
3.07608
4.8935
4.27987
3.9665
3.57928
4.36768
2.79209
4.3873
2.95441
3.55869
4.92867
3.58726
4.83086
4.98614
2.02433
3.83005
4.54449
4.90447
4.73748
4.15173
4.22084
3.786
4.40535
2.99353
3.7803
3.49078
3.47784
3.85101
5.89107
3.26383
4.08464
4.44225
2.94453
3.93456
3.37641
4.23539
3.75493
4.05888
4.51316
4.08759
2.0676
4.16702
3.99289
4.31798
3.14646
4.20135
4.02178
3.04763
3.97178
2.31953
3.10992
4.32913
2.77837
4.08969
3.35334
4.40606
2.59729
3.33511
3.78038
3.94257
5.42643
4.09874
3.6753
4.96472
2.96913
4.18481
2.76583
4.23046
3.92481
4.49821
5.23014
3.62213
3.36825
3.47808
3.97692
3.93599
3.73368
4.59399
4.37878
4.67891
3.03288
5.47991
4.4089
3.66343
4.9403
4.13878
4.18453
3.26331
4.02639
5.9572
1.61143
4.80062
4.38527
2.35569
4.97272
3.7601
4.68437
2.99249
3.76515
3.90788
3.31854
3.84239
2.97676
4.06202
2.87896
2.39416
3.42267
2.97217
4.78623
4.3055
4.51103
3.84852
4.64582
2.739
3.99816
3.98695
3.82941
3.63237
5.09679
5.09883
3.4643
4.86983
1.89637
2.63014
3.63737
2.57431
3.17251
4.15336
3.78679
2.53354
5.02687
3.51226
4.36621
4.06453
3.99612
4.40846
3.0704
4.73934
2.51542
3.46438
4.38913
2.69622
4.24436
3.96611
4.57888
4.15669
5.31112
4.05192
4.09594
2.74284
4.71515
3.65313
3.86994
4.30482
5.94609
4.76238
3.77494
2.93521
3.43612
3.03324
4.23609
2.39533
3.36989
2.82403
4.2083
3.8157
3.1527
3.9189
3.44643
3.65725
2.54523
4.429
3.16664
4.49152
3.49217
3.8164
4.58496
3.94426
4.4591
3.3294
4.38454
3.39988
4.91739
3.11287
3.57269
4.24646
3.47321
5.34317
2.9084
3.95333
2.72822
5.37992
4.01761
1.91067
3.41023
6.06248
2.71734
5.26217
3.18173
3.95499
2.49155
3.47695
2.34973
4.67885
4.57494
2.42124
3.93875
4.14708
2.78752
4.26946
5.40549
4.94111
3.75591
4.62388
6.02141
3.59679
3.61182
4.73361
4.78609
3.88448
3.97573
4.3046
3.49898
3.87539
5.42294
3.56818
2.97272
3.37426
3.67691
3.09154
3.28321
3.10037
2.12216
5.39887
3.90355
4.46151
4.2937
3.78841
4.76525
5.56719
3.82993
3.43534
4.81203
4.71662
4.63957
2.52645
1.21436
2.90063
3.76863
3.12511
4.66218
3.95051
4.77376
3.69468
2.76234
2.95616
2.16941
4.11706
3.43604
3.10733
2.7638
4.05798
2.36257
5.52105
4.07975
2.95827
4.32614
5.17526
2.74807
3.03829
2.94288
2.18771
3.04314
4.28157
5.23076
3.55491
4.92479
3.6898
2.50216
5.97698
4.73427
4.46524
3.93392
3.55898
4.19891
2.23335
3.54812
3.09531
3.47446
4.29649
3.18009
2.56338
4.63484
4.07952
3.34886
5.66697
3.20698
4.03506
4.82227
3.94675
3.44245
5.4663
4.13762
3.37172
4.05801
5.24057
3.52756
4.30772
3.87106
3.89644
3.8562
4.46265
5.21134
2.75941
4.17878
3.75825
3.01619
5.09379
2.29867
3.06247
3.28927
3.27734
2.89645
4.67275
4.60093
4.97738
5.3226
2.51505
3.55821
2.51655
4.05686
3.64744
3.82563
3.58328
5.1319
3.9765
4.86403
3.34395
5.05986
3.62039
3.29643
3.40135
3.38314
4.95371
3.64988
3.44719
5.20349
4.14187
3.17455
2.99138
4.37136
3.12995
3.21239
3.77118
1.60883
5.41797
3.32815
3.93579
4.48111
4.09881
3.77206
3.61816
3.92199
3.96632
3.84256
3.65437
5.10316
4.29724
5.11856
3.40679
2.18868
3.01998
5.08701
4.01744
3.18939
2.01904
3.97108
4.59621
2.71553
5.72198
4.32501
4.84893
4.45809
3.15024
5.41232
1.9908
4.06912
1.33553
2.96314
3.82832
3.98684
1.42383
4.51027
3.84545
4.95984
5.46426
1.99637
4.30352
3.47741
3.95315
4.83013
1.87439
3.98966
3.75146
2.70673
4.2628
2.66094
4.28107
3.86894
3.28413
3.76122
3.97036
4.18978
4.46861
4.40722
3.99486
4.55741
4.22028
4.86744
2.61035
4.76472
3.48308
3.3511
4.72901
3.01737
4.20112
3.7192
3.99985
3.30567
3.27852
2.80438
5.92749
5.69978
3.47432
5.01389
5.63603
3.04123
4.4658
4.83318
6.25318
4.5422
3.7316
4.4484
6.11504
4.69243
4.80153
3.95898
4.24254
4.06307
4.75836
2.99749
2.48888
4.50229
4.37539
4.85424
2.61551
4.04932
5.09932
3.94734
3.13064
3.75485
4.70555
5.14841
5.02533
3.90166
5.43883
4.33272
5.34647
3.30075
2.22212
3.0639
4.43624
4.14866
3.09645
3.20962
5.32016
3.43439
5.36897
4.38946
3.24068
3.15969
2.95356
2.2446
4.17156
2.76502
4.86171
4.06491
5.11677
3.21816
7.28238
3.69088
1.79269
3.81512
4.88835
4.68027
3.20967
2.69876
3.65778
3.48728
3.65718
4.85775
1.62743
1.67338
3.73706
4.93715
3.89353
4.94127
3.38963
3.47861
2.83193
1.77779
6.64504
4.66238
3.52592
3.09887
5.57978
3.84095
4.33904
4.6967
4.7807
5.87701
6.07022
4.72597
5.16575
3.40369
1.78821
5.99885
2.86113
3.47374
2.59481
6.14658
4.88686
3.50083
3.49738
3.22885
2.88313
4.6644
4.1353
3.8302
4.91561
5.06912
3.48179
4.36618
3.66331
1.17001
4.17768
5.89261
2.34882
3.22533
5.26336
3.83215
6.0025
4.38477
4.09834
5.50389
2.03814
4.37571
4.41083
2.29727
3.32165
3.70316
3.59887
4.17613
2.53677
3.64097
3.34384
5.52127
4.30657
4.04614
2.34207
4.45526
3.94719
3.67126
4.66853
4.61336
3.60821
3.97851
2.79879
4.42146
3.29971
4.44865
4.16441
3.56736
4.05497
4.48582
3.98264
4.21233
5.95824
3.80852
4.87181
4.98721
0.916399
4.89331
4.72773
4.45558
5.12382
2.90905
5.53952
2.79847
3.51915
4.04492
3.88436
4.18492
3.46261
5.32309
5.14011
5.32774
4.64331
4.68865
3.09367
3.49148
4.14968
4.53101
4.83803
4.91145
4.31899
3.05386
3.2299
4.74735
4.79443
3.31896
4.02417
3.34105
5.3217
3.42195
4.42178
4.00836
4.69809
5.60718
4.02176
2.37213
2.74828
2.54818
4.86284
2.96912
3.58726
3.20661
4.5211
3.27021
5.18076
3.88605
3.71649
4.13828
3.74877
3.36789
3.30707
3.73493
4.80553
4.70514
3.33064
3.59547
3.41301
2.11898
3.48665
3.29021
4.63084
5.50334
3.95816
4.24869
3.67608
5.06517
3.50148
3.54694
3.80107
4.67664
5.78616
4.11076
3.66938
4.89434
4.57431
6.16476
5.05716
4.65559
4.32218
4.39166
4.95572
3.58945
3.8255
3.58001
4.10819
5.95853
4.72727
3.34133
2.45345
4.0443
4.23188
3.9223
2.28283
5.63558
3.50032
3.50199
4.86265
3.59237
4.91039
2.76155
5.33798
4.28545
3.76669
3.44086
4.10831
3.287
4.55367
4.17553
2.62942
5.04369
4.97349
6.21752
4.509
4.58792
2.39916
1.87924
4.09964
5.05175
5.18649
5.03899
2.96052
4.23877
4.48209
3.102
4.31496
4.45718
3.63087
4.05762
1.27504
3.44942
5.97566
3.39637
1.91226
4.75146
3.22578
1.57775
4.33202
3.65503
3.11823
3.7121
2.57046
4.03161
5.54873
5.36918
3.86922
2.13914
3.27848
4.73475
4.58791
3.93175
6.04036
4.10044
4.77033
4.04075
4.39879
3.10199
2.13072
4.91965
3.504
4.59834
5.73541
6.09177
4.0578
4.57146
4.46094
5.03709
4.0539
2.30818
4.19288
3.27364
3.31753
3.50639
3.91947
3.49251
3.60895
3.92806
3.24302
3.97339
4.88023
4.60074
4.94153
3.31143
3.35936
3.26582
5.3566
5.10142
4.27906
4.39079
5.25865
4.79389
4.14292
4.86007
3.80145
2.80893
4.24471
4.3241
5.2906
4.35999
3.19374
3.47045
4.76781
3.28227
4.15499
4.06214
2.46211
4.35117
4.55609
3.69148
5.66955
3.74399
4.17903
2.27443
3.75072
4.79843
4.88823
4.40814
3.30236
4.08215
4.62967
3.2091
5.1962
1.53717
3.14232
2.67538
5.01085
4.91906
4.58465
3.53356
2.79898
4.93534
1.7443
2.30928
3.48133
4.95375
3.13795
3.36269
2.90879
4.07466
5.45586
2.78971
4.06354
4.09539
3.39614
3.16853
4.42426
5.34459
3.4033
2.74435
4.64922
3.6923
4.45914
2.95798
3.26418
4.46528
2.50754
4.13837
3.8982
3.40429
5.26775
5.35075
3.93482
5.55706
2.58213
4.0444
5.60078
6.6529
4.43798
5.05801
3.41726
4.98
2.66581
3.82382
2.6329
3.97946
4.23611
1.96981
4.03294
4.09619
3.47955
4.32996
5.20535
4.87791
1.87421
3.73466
4.6894
5.77517
4.37801
5.28463
4.92711
3.33001
3.05589
4.3408
4.57109
4.2763
4.24959
5.853
3.33786
4.03311
5.28813
3.32489
3.81847
3.25466
3.98545
2.6567
2.64006
3.47712
5.70123
5.00254
2.92688
5.50797
4.50868
6.13882
4.8173
4.34209
3.04097
6.71191
4.29949
2.80695
2.98808
3.65397
4.48261
4.72021
5.13352
2.80335
3.08915
3.6949
4.38587
4.25918
3.24637
4.82602
3.45667
3.67991
2.13748
3.99084
4.20105
5.50668
3.39895
4.87254
3.35599
3.6917
3.54179
4.11431
3.40607
4.30943
5.78356
5.04589
3.53586
5.89143
4.29294
4.95751
2.38953
3.94409
5.14634
5.7302
4.25597
3.7607
3.12407
4.73347
3.10003
4.13395
4.63812
3.06403
4.42301
3.13381
3.51041
5.13632
3.70454
4.36034
2.72049
4.37611
2.73378
4.71754
4.11518
4.14135
3.95406
4.5098
4.27551
3.43583
2.31125
3.72147
4.94822
3.12667
3.43682
4.14126
4.32973
4.44009
3.61176
3.24347
3.58309
3.64439
3.54449
4.28849
6.80357
4.1751
4.03736
2.58346
4.68261
5.84285
4.70548
3.61104
5.37963
4.31628
5.1774
5.53797
4.64773
4.51852
2.70008
5.45933
4.38957
3.66001
4.34351
4.39303
4.09289
3.57149
4.70965
5.1559
3.31127
3.06811
3.75437
4.03924
4.60971
4.45884
4.54241
3.22978
3.26125
4.41346
5.2525
3.78088
2.41485
2.43766
3.91489
3.53249
3.60595
3.71327
4.54095
3.76961
2.89611
5.42648
4.18418
3.78309
5.07058
3.70925
4.73884
3.69065
3.77135
4.80668
2.47329
3.01884
4.94214
3.06746
3.65513
5.7373
5.81697
3.60976
5.23946
5.28827
3.73569
2.83423
3.51351
3.01125
4.17983
4.61558
4.07264
2.66463
2.7937
3.77375
5.5223
3.62111
5.48423
5.25402
3.7389
2.48377
3.90463
3.94333
5.4412
2.651
3.72155
3.46355
4.67436
5.01828
2.92246
2.90402
5.66898
5.27663
6.5022
3.28105
4.97255
2.9959
3.14733
4.57221
5.17958
4.5734
4.30675
3.74158
5.38902
2.62445
4.53969
4.71716
3.84555
5.27287
2.96148
4.26003
4.20335
4.54651
3.29742
3.33526
3.42652
3.87246
5.08795
4.2167
3.96951
3.3142
2.14747
2.10884
3.76349
2.92962
3.4763
4.5068
2.50597
4.53113
6.22845
6.9765
2.80701
2.09594
2.10941
3.04879
4.28397
3.83267
3.04028
6.02794
2.93016
5.50005
2.14452
4.79976
4.12353
3.35726
4.85008
5.004
4.33153
4.63399
0.804627
4.29971
5.35113
3.36871
4.81222
3.38546
2.46647
3.84053
2.54271
4.90398
2.5805
5.76899
3.97478
3.48973
4.67722
5.29738
3.3204
4.45979
2.87929
3.83558
3.21049
3.39156
3.32842
5.36941
3.43755
5.48928
3.25399
2.96024
3.54607
4.64065
3.88993
4.53485
3.48546
4.79361
4.60651
4.37369
4.58913
3.43897
4.70983
3.82647
4.00119
3.28666
2.55125
3.21613
3.27079
1.94334
4.90977
4.60182
5.85724
4.92651
5.49903
2.2171
5.14643
5.05491
3.62851
6.36676
3.48264
4.02935
4.26613
2.60807
2.26237
3.84374
3.18495
4.21482
3.69486
2.39631
3.55389
5.32231
4.49807
4.97537
3.93328
5.08577
4.79183
3.60439
3.01645
4.80755
3.05531
2.6186
4.85442
5.2698
3.82712
3.08567
3.7148
5.32779
2.48186
7.15337
3.67755
4.86612
2.89002
4.65866
4.03226
3.39035
4.24494
1.69212
3.56555
3.59205
3.7588
5.28248
3.34357
5.06317
3.76341
2.50341
3.59678
3.72326
4.20477
4.91941
4.71445
4.04302
2.44155
1.64662
4.12974
3.77729
5.18395
4.12352
3.48214
2.61914
5.02879
4.1087
2.67359
3.78341
4.44371
3.08456
4.54725
2.6098
1.76734
3.06255
3.08672
2.88957
4.73386
5.05119
3.89436
1.83676
4.57899
4.44427
4.75197
2.81919
4.44134
3.89174
4.38711
3.40144
4.003
5.46115
4.16904
4.69621
3.11122
2.47118
4.30199
3.04905
4.29432
4.48537
2.95896
3.15372
5.29402
1.97441
3.42056
1.37765
3.3626
4.81727
4.36944
5.21628
3.7077
3.23602
5.25961
5.88814
5.13316
2.31568
3.23711
4.8714
3.84968
2.88797
2.87522
4.26092
4.59519
1.56702
3.12084
4.91299
4.46197
4.56235
2.16151
3.60828
4.62444
3.28592
5.03156
4.62408
4.22285
3.87083
3.49316
2.73629
4.41621
2.98064
4.00391
4.20334
4.35119
4.69448
1.92677
2.98135
4.35904
4.38806
4.49281
3.09452
5.62856
3.13497
4.95086
4.88024
5.47244
4.00381
4.78743
3.75245
4.74594
3.53987
4.02547
2.50532
4.9026
4.17881
5.71121
4.57726
4.91926
4.51424
1.9783
5.40662
4.53287
3.28784
4.36417
4.24201
4.12699
2.13138
5.01999
3.58073
2.32057
3.79742
4.08286
4.86248
4.52155
4.17607
3.87541
3.26448
6.52235
4.26979
5.2637
3.60701
2.90219
4.39954
3.69317
3.24088
4.74405
4.92118
5.48968
3.41754
5.2622
4.13095
3.40461
3.88612
4.60861
4.70125
5.2132
4.56421
4.17126
3.81033
5.93099
3.31993
4.51989
3.9609
4.55789
4.35503
4.65352
3.60306
4.67925
1.6655
2.68227
4.11192
3.42237
3.60042
3.33803
4.31833
4.14653
4.02984
3.25804
1.92121
4.43064
5.01174
4.34043
4.70733
4.67967
5.73264
4.09312
3.35058
3.30331
3.96964
4.35215
3.97622
4.0938
4.75759
1.80404
5.48241
3.63607
4.92866
5.33335
3.76329
3.9173
5.82655
6.40045
3.43924
3.30584
2.98381
2.93041
4.88192
3.96936
3.43329
2.73807
4.27263
3.96742
4.77998
3.74
5.23241
3.8374
4.07008
2.62398
2.94589
6.18293
3.73817
3.83787
3.99296
3.14602
1.27844
4.91225
4.3218
3.29001
6.02694
3.30379
2.08684
3.15302
3.05755
2.32969
3.36977
4.21599
5.99142
4.47622
4.82227
5.79359
4.36832
5.28781
3.8078
4.96753
3.95146
4.37591
4.52716
5.15174
5.77026
4.20154
5.20694
4.20098
4.01152
4.23288
4.35212
4.46037
3.85076
5.09871
3.42864
5.86578
2.87897
5.13942
2.88766
2.57083
3.75182
3.48308
5.19526
3.61624
4.46016
5.20417
6.5155
5.38446
2.39788
4.21063
4.51916
3.22515
4.48077
4.35552
3.29825
3.45092
3.23636
4.40559
4.06958
4.1104
3.50596
5.72033
5.3796
2.36678
5.26682
3.67016
5.49407
2.7087
3.19255
3.233
6.18298
5.15824
3.42644
2.37691
4.57919
2.36838
5.3267
4.27674
3.88542
2.52206
4.9243
3.36277
3.496
3.54487
3.36937
4.11616
3.97589
3.91181
2.16918
3.00138
4.81794
4.70444
4.45477
4.42289
4.83766
3.51405
3.45109
5.67347
4.4831
3.28378
3.92817
2.11473
3.44778
2.86737
3.80021
3.50014
5.57807
4.50326
3.36866
4.41188
3.35942
3.09903
3.95651
3.493
3.50863
3.86057
4.34829
3.92743
3.42192
2.83513
4.17431
2.29497
5.52028
2.4493
3.97437
3.29298
5.38281
4.69491
3.72771
4.62485
4.91294
1.58334
3.99784
4.3759
3.1913
3.56535
4.3072
2.89354
3.9729
2.27944
4.32045
2.1814
4.77425
5.79299
3.19511
2.97489
3.74215
2.65736
5.0709
3.58556
3.13757
3.95394
3.68103
4.72985
3.25257
5.5
4.05154
3.73448
6.21556
2.37744
4.3046
2.57095
2.77292
1.34437
3.7672
5.42438
2.89189
3.89551
3.67427
5.51809
3.66177
3.43506
4.01946
4.255
3.5911
4.66815
2.14562
3.92158
4.79429
4.09284
5.35855
4.71711
2.9595
3.20757
4.95325
3.22728
5.19946
3.02265
4.95849
5.30418
4.54692
2.95304
2.32132
2.80782
3.814
3.52402
3.28411
5.06805
4.83478
3.63724
5.18489
3.27706
4.00796
5.48595
4.07835
3.37083
3.25303
3.90295
3.49051
3.94936
5.06738
3.6664
4.45792
3.79533
3.67203
2.29925
3.4634
3.34684
4.27858
2.65194
4.49558
5.46056
4.40594
4.26545
3.70906
5.57413
5.86651
2.86646
5.26415
4.04612
3.20718
5.16962
4.23918
3.63868
4.86283
4.99396
5.13904
5.86665
3.65238
4.65999
3.59939
3.51072
5.49746
3.82292
4.55097
2.73038
3.96962
6.45549
3.56483
4.8805
6.28555
4.38823
3.42827
5.36836
4.9462
4.36275
4.66786
4.3525
5.83257
4.41004
4.28326
4.35949
4.51875
4.54275
1.92916
3.04778
0.810864
4.8464
3.99044
2.82417
4.61245
5.10496
4.88269
3.55771
4.81455
4.49536
4.69833
3.88562
3.52994
4.32152
4.65528
5.34131
3.29499
3.82216
4.18092
2.24463
5.63238
5.74751
3.95936
4.30485
5.19905
5.12114
3.95816
4.44225
6.0018
5.64887
4.24393
2.67467
4.57847
2.95582
4.70365
4.24398
5.93027
5.29745
4.47142
5.28287
3.15315
2.40958
4.27131
4.41452
5.63055
3.64152
5.8273
4.01508
3.68373
3.02075
4.34515
5.1482
5.2051
4.16032
3.58192
4.77716
6.19101
3.17669
4.1125
4.58422
3.495
5.39635
3.98905
4.72452
5.05418
4.97482
1.76951
4.87256
4.39928
5.07347
4.61417
3.99085
4.08959
3.06965
3.84977
1.24647
4.72441
4.93985
3.66742
6.62585
2.72718
3.83195
4.82211
4.89261
2.77393
4.13151
3.73294
2.35221
4.96294
3.34551
4.09417
3.18668
4.281
3.82383
3.79559
4.5888
4.05173
3.72777
3.14756
3.78455
2.73858
3.36206
2.42317
4.3505
5.41227
2.8921
3.88625
3.90792
6.11512
6.24938
4.95891
4.05116
4.94041
4.62205
4.364
3.3482
5.77122
2.0255
4.60541
5.85863
4.51252
5.53231
3.88011
3.24243
4.11467
4.90694
4.45507
3.32581
4.29504
2.23265
1.3307
3.52073
5.00265
5.36188
4.097
5.11561
4.2706
6.86216
4.58918
5.20369
4.22884
4.22981
3.53058
3.26995
4.61333
0.980056
1.9634
2.88289
3.86184
4.55752
4.06421
4.62629
4.37363
5.32955
2.48415
2.6434
4.02658
4.33594
3.66666
4.44676
4.90238
5.02123
4.65624
2.13336
5.13376
2.26357
2.85928
2.20315
4.36781
3.55874
3.87825
3.85252
4.62223
4.99956
4.64729
3.31816
3.84187
5.1931
4.5908
4.60802
3.46035
4.03052
2.61215
4.20932
5.01933
5.04733
3.79848
1.46864
4.14592
2.95625
4.49073
4.36096
3.84523
4.82989
3.66958
4.8029
4.442
2.9636
2.32641
4.72767
5.52032
3.8817
4.21298
5.5818
3.85476
5.59166
4.58569
4.08244
4.70147
5.35203
3.22176
3.99058
4.1285
3.7669
3.91729
4.12434
3.74886
4.4482
4.37737
3.29606
2.51202
3.73606
3.67009
4.87793
4.17918
4.35317
4.89309
5.91328
3.97613
5.04941
3.05474
5.04014
3.60627
4.40587
2.25498
3.57513
4.86864
4.42895
3.24792
4.32614
3.515
2.95227
2.42236
3.57655
3.96467
2.80769
3.59749
4.06024
4.07801
2.97636
3.69581
4.98752
3.50162
4.79406
6.80667
4.79602
4.87856
4.80505
4.37469
3.71047
4.46642
5.28966
4.27322
5.78405
3.85114
3.73345
4.63431
5.11084
3.29307
2.97647
3.25456
4.30284
4.08508
3.46251
4.79329
3.69165
3.74727
3.51256
4.8865
4.30527
2.6528
3.68577
4.48316
2.93604
3.55662
2.81663
3.80175
4.34659
4.36686
2.54256
3.6933
2.9189
4.23861
4.74694
3.33644
2.74857
2.175
4.0474
5.54214
3.25604
4.50553
3.15958
3.35552
5.17632
2.86051
4.59224
4.64301
4.65764
4.65239
5.56425
3.21506
4.2296
3.96129
5.96042
3.60494
2.63849
3.46822
1.35332
3.78252
4.76441
4.46229
5.05781
5.19807
3.39288
3.51593
2.86027
3.88853
3.68347
2.23726
3.11617
2.44395
3.52761
4.13756
3.16664
6.10398
3.4631
4.59203
4.10092
6.21062
4.34258
4.76811
4.70751
4.01601
2.10378
3.95752
3.62102
1.72004
4.33941
2.73806
4.94902
3.99062
5.72754
6.60427
2.8478
4.8038
1.63492
3.2295
2.71636
4.53638
4.86744
3.81338
5.20152
2.48856
3.88412
4.61932
3.67442
3.37627
4.41618
5.31989
3.54243
4.00158
5.62594
4.90379
3.38573
3.16252
3.14858
3.77837
3.9081
2.11133
6.08773
4.00828
2.91859
4.0201
4.60109
2.22362
3.62888
1.93464
4.60505
3.01281
2.98262
5.41136
2.92495
2.31559
5.18293
4.35661
4.55925
1.97278
3.74614
3.80413
2.69889
5.82299
3.33981
5.41859
4.90106
3.39091
4.48629
2.98595
3.42048
3.73634
2.26732
3.74884
2.54888
3.57204
3.70928
3.76396
2.55633
3.79459
4.44336
1.80282
3.51058
5.09829
3.01256
4.71108
2.5321
3.90266
2.16453
3.68399
3.98833
4.8657
5.72453
3.01
5.51434
3.53656
3.39423
3.7401
3.7443
3.68915
5.53844
3.9283
1.84141
3.23696
3.73213
3.52306
2.68898
1.42819
2.63678
2.60927
6.38125
5.91787
4.80276
4.81682
3.63035
5.01518
3.87093
4.6941
4.40698
4.13483
4.48574
4.78689
3.34521
2.81746
4.0623
2.80984
4.49472
4.08753
5.28828
4.05957
5.60752
4.28363
1.60356
4.16028
5.29122
4.33314
3.65423
3.60631
5.48636
2.54106
5.13758
3.39816
2.81595
3.65289
4.35177
3.42224
2.27521
2.27997
5.69647
2.6074
5.10838
3.66836
2.91952
2.88412
2.90103
5.01235
3.88513
3.63069
4.82208
3.70495
4.43619
3.79103
2.54151
3.01823
3.71304
3.53906
4.88664
4.17432
6.15989
3.971
4.19148
2.03818
3.44092
4.48579
3.18606
3.67138
5.03736
1.98925
2.33267
3.41385
3.18885
3.67191
3.52046
3.75012
6.0211
3.41092
5.04903
5.2287
2.51581
2.67447
6.04557
5.45341
3.86095
3.85441
4.35603
6.00572
4.23908
2.60234
3.83529
4.84437
5.23587
2.37124
3.90017
4.4763
4.20404
5.24882
4.24421
5.37565
4.2957
3.1972
3.2703
4.89573
2.18118
5.95142
5.14007
4.42453
4.3547
3.11869
3.45912
5.18828
3.50697
4.95472
5.19851
4.22867
3.54781
2.97435
2.96381
4.83633
3.37298
4.55775
4.81823
4.231
3.51549
3.2694
4.55132
5.00385
3.19339
4.18321
3.91673
4.09912
5.94682
2.4434
4.24788
4.5652
4.40017
4.8262
4.06154
4.4743
4.4964
5.81635
3.9001
4.05972
3.64703
4.46654
3.57517
3.39004
4.85696
4.6848
2.89521
3.85361
4.73747
3.01723
2.4428
5.87972
5.47934
3.4948
3.89631
5.1775
6.01073
3.86796
3.02545
3.90768
4.30379
4.43826
3.63167
3.60013
3.46368
5.13402
5.08554
3.79765
3.32745
3.33301
5.04491
4.59221
4.87399
2.57481
4.97879
4.49968
4.37818
4.39826
5.34716
3.92206
3.22083
2.90812
3.72815
3.53379
5.07793
4.26579
5.4008
5.00951
3.05389
4.76116
4.24458
4.02584
3.60772
2.70713
3.08859
3.28135
4.0845
3.81659
3.54977
3.58551
3.8236
5.60629
3.97683
3.62617
5.41745
3.76996
2.61466
2.21572
4.39898
2.84489
2.26149
2.7853
4.31818
2.25924
3.98429
4.36608
