-0.0915703
0.0476019
1.05762
2.18463
2.05206
-0.210447
0.856015
0.573077
1.40223
1.23864
1.09377
0.203771
0.823955
2.10264
1.05673
1.06765
5.32966
2.23076
2.30603
1.2614
0.450749
0.387048
-0.147479
-0.0504957
0.00823748
2.0038
0.784858
-0.160568
2.40659
0.980221
2.00705
0.51998
2.50093
0.276726
1.69276
2.63604
-1.09197
1.38343
1.31975
0.240321
0.510017
1.94069
1.02533
1.71393
-1.34675
0.346771
0.348001
1.00448
-0.727408
1.5031
1.01086
0.00803635
1.61404
-0.0286975
1.72612
-0.0191369
0.381506
1.75411
0.561789
1.57647
0.731264
-1.11646
1.75156
0.284261
0.1202
-0.143977
0.24153
1.15227
0.746342
2.04214
0.974588
1.00761
-0.683085
1.01604
2.96319
2.18501
0.926848
1.24208
-0.95067
1.65592
1.47919
-0.151912
0.924985
0.0735662
0.878074
1.09453
0.412856
0.185693
1.25117
2.4743
3.31597
1.45355
1.6206
2.22945
0.865057
0.768414
0.515061
1.40146
1.81986
2.22999
0.429875
0.815611
1.20249
0.978639
0.712599
0.547838
-0.0582723
1.21961
2.3432
2.34204
-0.633961
-1.09022
2.1407
0.991155
1.29427
-0.342582
-0.0400529
-0.553242
0.779506
0.562573
0.926846
1.95069
0.694021
1.59935
-0.0875763
0.670604
1.45328
2.3564
-0.0111305
2.21834
2.32751
-0.766536
0.247081
0.94503
0.810694
1.94479
1.26361
1.92473
0.606202
0.851518
-0.144887
1.68587
1.05417
1.58535
0.572128
1.74791
1.20796
-0.117797
3.30145
0.932247
1.40727
1.20778
-0.257582
2.04864
0.27657
1.15693
0.52588
2.21512
2.56061
0.679315
-0.158316
2.24529
2.08412
1.75036
0.0907082
0.0194331
-0.00247604
1.9224
1.29136
-0.127837
1.36126
2.94651
1.14937
1.59424
1.3018
1.90349
1.31612
1.68569
-0.370798
0.693162
-0.225903
1.03607
1.36091
1.74148
1.6226
0.367597
1.7486
0.910013
1.8017
0.352106
1.77792
1.42266
2.5521
0.15246
2.04749
0.030871
1.21436
-0.382623
1.64747
1.18591
-0.0252538
1.2402
0.161651
0.433089
0.549068
0.90726
2.22154
0.278745
2.00268
2.28474
0.455426
1.45516
1.27409
2.1156
0.605551
-0.0972623
-1.27125
2.67558
0.760662
1.24111
1.04318
1.41015
2.99656
2.23668
1.16148
0.500693
0.842935
0.98406
1.48817
-0.221618
-0.323129
0.39778
0.548606
0.22709
1.59068
2.0296
2.02822
0.701686
2.28298
1.07257
1.38127
1.24566
1.21024
0.904822
2.07834
1.00688
1.2728
0.607404
1.22504
-0.0774852
1.69359
1.09196
0.316463
-0.323011
1.47675
0.731711
0.215944
0.470897
0.0889396
0.746651
0.9507
1.53951
-0.168967
0.318589
0.95344
-0.412048
1.62918
-0.221217
-0.148131
1.45874
1.26518
0.308069
-1.40896
-0.539308
0.619597
-1.89237
-0.072672
0.680444
-0.0904411
1.48431
0.391055
0.22163
0.918578
2.44813
1.92629
0.854882
1.08689
2.89845
0.816351
0.45081
1.47629
1.95108
0.41808
0.70124
-0.880619
0.675835
0.436892
-0.157318
0.449918
0.655934
0.0832154
0.603167
0.636942
1.0159
0.655337
0.389816
-0.676773
2.95622
1.49639
0.666097
1.15368
-0.298498
2.25595
0.52007
0.152282
1.90258
-2.35127
3.10975
2.41364
1.93948
1.18777
1.66778
-0.512283
2.19964
1.42854
1.84186
0.441902
-0.161695
0.932122
1.11994
1.96402
2.78361
0.113212
2.19221
2.16027
2.21482
2.31132
2.08391
0.867998
0.509821
-0.0983254
-0.728599
1.904
3.19029
1.30786
-1.29084
0.775276
0.355819
0.760178
1.26915
0.954524
2.0502
-0.150013
-1.25563
0.44334
2.09109
-0.210805
0.632607
2.37815
0.413526
1.39335
0.0355936
-0.191537
0.567702
1.55913
-0.898774
0.0483637
0.638206
1.90448
1.80115
1.14414
0.434573
1.05624
0.783251
1.51097
0.574015
2.08607
1.86277
0.569309
2.66789
0.746238
1.7025
-0.443315
0.285044
1.24928
1.00868
3.00521
1.32585
0.558265
1.97219
0.631271
0.555499
-0.368053
1.30475
1.07657
1.52455
1.08732
2.05181
-0.16827
1.0473
0.675313
1.08846
1.84112
2.03177
0.312515
0.823346
-0.298905
-0.295466
0.899104
1.19978
0.00131573
1.65267
0.68487
1.45982
0.627633
1.92875
1.75588
1.07241
0.679063
1.47593
1.4386
2.48747
0.366507
0.95379
2.05164
-0.184724
1.6949
-0.313881
0.95773
-0.62466
0.677359
1.80013
0.453436
1.94804
0.847564
3.06656
0.985584
2.18333
-0.0763952
-0.452125
1.92312
1.10438
2.98038
0.816205
1.63197
2.12819
1.19603
2.10651
3.11692
0.529232
1.65976
0.786752
0.0329243
1.5009
-0.295986
1.82065
0.375394
1.29559
-0.689216
2.33649
-0.289094
2.61157
0.991745
0.50825
1.52421
0.729229
-0.470715
1.07155
1.09965
0.207115
0.237427
2.66398
0.447657
2.51504
2.76114
0.856207
1.41011
1.92208
0.790831
1.65471
-0.0841996
0.108713
-0.45698
-0.43703
2.33435
2.12526
-0.0258231
1.82654
-0.208897
1.79778
0.651545
-1.06746
0.202669
-0.0892805
0.599694
1.79951
1.49206
2.89768
0.210011
1.99197
0.669243
-0.418241
1.52772
0.07441
-0.0996046
0.726678
0.627187
1.87923
2.14134
0.502039
1.48474
1.10649
2.10731
1.69097
-1.85641
1.38527
0.35691
0.309524
0.669328
0.383876
0.924448
0.897137
2.84493
0.103023
1.77842
2.09206
1.44371
2.1915
1.63898
1.53604
0.757642
-1.86087
1.90903
-0.205692
0.831141
0.434982
0.595125
-0.37697
1.65882
0.450905
0.374085
1.15906
0.725731
1.94872
0.0367756
-0.379276
1.41208
1.54975
0.656537
1.30936
0.346394
1.24592
1.24881
1.04298
2.26078
1.39943
0.867341
0.514165
1.43796
0.96043
-0.873701
2.33031
1.00371
0.632784
0.646931
1.83165
2.1241
0.35659
2.00877
1.66024
2.4306
1.44865
1.63106
1.78502
-0.331237
0.839284
1.78388
0.352868
0.980314
2.03734
3.21588
0.0423203
0.786083
1.08066
-0.143998
1.88705
2.52853
1.50767
0.71786
1.92304
-0.689721
1.97619
-0.449381
3.10588
1.37333
0.192917
0.337722
0.297164
1.70754
2.29923
1.62522
1.21765
-0.506816
0.135861
1.30322
1.20608
1.61036
0.884803
2.53402
1.37025
0.890465
-0.0032927
-0.168731
0.544733
0.644299
0.671523
0.687265
1.41775
-0.0199307
1.65681
2.19775
0.392347
-0.000974482
2.28975
0.19336
1.56593
1.12548
1.85988
1.85861
0.940604
2.45722
2.0336
-0.0257959
2.38263
1.77303
-0.939716
1.15872
0.638193
1.52692
0.914708
3.0196
1.56166
1.13095
0.179305
2.36111
-0.602005
0.736909
1.49689
0.538353
1.47992
-0.201452
-0.274981
2.70575
0.582387
1.07693
0.0669055
2.11217
-0.562175
0.194573
1.38205
1.67439
2.47776
1.48061
1.68393
2.13537
-0.175233
1.62093
0.196531
1.50515
1.33262
1.09779
1.37281
0.772067
1.26211
0.573182
0.15624
0.966227
1.13864
0.56626
1.03115
-0.0389315
0.80878
2.41638
1.88824
-1.04325
0.294318
0.49399
1.74915
1.61312
3.42233
-0.253876
0.398157
1.83856
0.718083
1.3103
1.05793
-0.123849
2.28261
2.02529
-1.27226
0.398703
0.688433
2.61065
0.975909
0.532434
2.25837
0.22412
2.60873
0.166508
1.06582
0.156504
1.74144
1.3884
0.200545
-0.242196
0.505808
1.40665
1.18102
1.30259
0.127658
0.315304
-0.36431
-0.865057
-0.392866
0.672563
0.948038
2.77846
0.73233
1.04603
1.09834
0.581452
2.38037
1.00911
0.93995
0.30749
1.80179
0.00990817
1.86122
1.30941
1.06116
2.24082
-0.0685299
-0.627567
0.61883
0.771468
1.00189
2.65106
1.87584
-0.242439
1.16163
2.551
0.768351
0.5416
0.95485
2.73624
-0.878654
-2.34543
2.77188
1.7072
3.70739
2.94642
-1.64107
0.766752
0.564461
1.19072
1.17834
0.307827
1.62963
0.246132
1.79154
-0.132321
-0.250486
0.985794
0.268879
0.317884
0.0127846
1.03296
1.60045
0.177622
0.558959
0.210818
0.626632
-0.640403
1.28115
0.989496
-0.215966
1.56434
1.07094
0.464654
1.48185
2.5295
1.2126
0.755715
1.0131
0.652909
0.213017
0.576054
1.10509
1.02862
0.717952
0.872608
1.50778
1.98565
1.86333
1.29451
0.28827
-0.194046
2.19957
0.409727
1.95538
2.34724
2.01572
3.40881
-0.0461412
1.30436
0.631506
1.61731
2.7071
0.598082
0.016447
0.826333
0.35286
-1.39801
1.42191
1.43965
0.125887
1.39412
-0.25564
0.537368
1.47312
0.283068
1.58238
2.25682
0.78865
1.03318
0.781104
0.055524
2.78606
2.01838
1.72571
0.976791
-0.0177661
2.33126
0.979556
1.35065
0.755118
-0.733295
1.63073
0.835222
0.475763
0.608856
0.189666
0.256222
1.69292
0.312236
2.79659
-0.213783
2.97369
-0.155237
3.74526
1.5349
0.129988
1.8214
0.365894
0.787203
0.49228
-0.123999
1.85711
0.450657
2.28276
2.63517
0.243597
0.89179
1.67256
1.72987
2.03213
0.453253
1.29065
1.75534
1.14683
1.54472
3.59929
0.455061
0.966743
0.822204
2.89108
0.962749
0.994318
0.0674586
1.29906
1.14813
0.565919
-0.0656968
0.95937
0.944626
2.28119
2.99847
-0.392783
0.374799
1.52433
2.40095
1.44061
3.2649
2.63687
1.21843
0.0471382
2.03812
0.0661715
0.614113
2.74165
0.916068
0.949184
2.83668
0.885447
1.84687
2.18505
2.52158
1.5667
0.503541
0.996626
3.12266
1.10561
-1.15336
2.94238
1.06883
-0.0834562
0.540847
1.17742
1.8446
1.3459
2.29366
2.05578
1.14285
2.46996
2.09901
-1.16828
0.325286
-0.00970449
3.39048
2.36083
1.8266
0.0885717
2.255
1.8855
2.8881
2.23058
0.471839
0.924696
0.310021
1.52558
1.56248
2.17395
1.13503
1.43163
0.694647
0.4838
0.402232
-0.561038
2.74463
0.710564
0.859425
0.171189
0.98904
0.5512
0.841869
1.17161
0.898901
1.23908
2.22446
1.87267
3.81565
0.67705
0.878042
1.64438
0.951288
-0.313125
0.236855
-0.0805328
1.35152
4.41264
0.357866
0.104737
1.16646
2.02115
-0.0714491
0.649436
1.8369
3.27608
0.952132
1.06435
1.39747
0.604466
0.742244
2.40658
0.605213
0.150591
2.54759
0.238997
0.800254
1.252
0.352855
0.647627
-0.847765
0.673415
-0.262261
2.99708
0.602704
2.10839
1.02963
1.92756
1.21047
0.347252
2.14897
0.573972
2.58352
0.447871
1.54294
1.02136
0.719263
0.153054
-0.0758671
2.90032
2.16023
0.80542
-0.504328
1.36033
2.92657
1.23771
0.860007
0.22157
2.06377
0.0443658
1.48854
1.46547
2.30067
1.82126
0.613732
1.22838
1.66228
3.01024
3.07299
2.16605
1.89315
1.30486
2.71282
1.8542
0.487985
-0.598272
1.45878
0.168025
1.90826
0.30852
0.905071
0.653531
1.0951
-0.037474
2.32896
2.01239
-0.291207
1.36001
2.25141
1.11503
-0.231853
-0.330555
2.02046
0.461604
3.58716
0.528299
0.181559
0.0996935
0.664052
2.21318
0.648065
0.698566
0.105893
0.18083
1.61027
1.37399
0.627713
0.00432801
-0.736248
-0.102911
0.904126
1.54551
1.65772
1.39353
0.848434
1.55055
1.46426
1.85878
2.29088
-0.46423
1.56594
1.31759
0.858218
1.06165
0.775573
1.57689
1.26884
2.66448
2.42784
2.1786
0.458251
1.19087
1.41306
-0.171789
0.4446
2.33638
0.216125
0.588199
0.780933
0.580099
1.60481
0.508819
-0.363102
0.590119
0.834528
0.866072
1.5638
-0.662867
-0.694798
1.27988
2.03654
0.152551
0.244452
1.06508
1.16895
-0.955355
0.829427
-1.16541
2.36193
0.566281
0.628785
-0.56778
0.898737
2.85556
-0.553384
1.33211
2.9389
0.187101
2.84187
0.0136276
2.20209
-0.598494
0.0736377
-0.00386879
2.15415
1.15498
0.341418
1.1346
1.02365
1.95392
0.137471
0.417501
-1.25036
2.42915
2.39168
2.04715
0.124481
3.26631
2.7279
1.85935
1.32611
1.53022
2.36255
0.51514
1.90117
0.372359
-0.141007
1.93374
0.587051
-0.950739
0.888574
0.380479
0.392947
2.18677
0.33812
1.3503
1.96743
1.0643
1.93666
0.186363
1.0118
-0.175173
1.45147
1.50911
1.70255
1.3117
-1.54146
4.44118
0.186802
-0.392655
1.12848
2.36896
0.653099
1.80922
1.66981
1.59833
1.88559
2.12012
2.02128
0.570262
1.23876
-0.835901
1.94442
0.603555
-0.742724
1.95152
-2.04323
1.26087
1.57431
-0.21686
0.5101
0.825346
-1.74799
0.604927
0.460252
0.33758
-0.120536
1.93963
0.213968
1.53515
-0.491662
0.155979
1.4235
0.916085
2.03992
1.55054
0.347247
4.4364
-0.306047
-0.6518
2.95571
1.39155
-0.0982455
-0.423166
1.68239
1.34864
1.78757
2.48102
-0.395156
2.20416
0.986353
0.679535
0.237698
1.88287
0.40423
1.30155
1.74502
0.13523
0.266033
1.90649
2.7397
-0.548932
1.34882
1.28312
1.16026
1.34284
0.310644
0.951604
1.52761
0.188566
-0.220004
0.841206
-0.107074
1.42124
2.86236
1.93056
-0.420054
1.23949
2.6729
1.57272
0.554008
1.85726
1.81829
0.478792
2.01419
0.568715
0.920262
1.43809
1.06963
0.218608
0.439809
1.1286
0.929445
-0.875654
2.39429
0.0213091
1.7185
0.467179
0.197972
1.85692
0.54414
0.293136
-0.198301
1.16934
1.46713
2.74539
1.07012
1.92502
-0.655991
2.18741
2.0527
1.7025
0.210405
1.65282
0.909826
1.40585
1.85234
1.2596
2.75367
-1.21632
2.46574
0.987417
0.767392
0.843222
1.15919
-0.00373544
0.0717492
0.331163
0.748252
1.26512
-0.222335
1.44485
0.369126
0.638244
1.15409
-0.505512
-0.0761081
2.49795
0.754845
1.63682
2.23667
1.76328
1.3828
1.51669
0.749121
0.484219
-0.0916191
0.699871
1.14809
-0.56918
2.30689
-0.348157
0.636203
1.12456
0.94494
2.43626
0.782712
-0.139037
0.937011
0.137715
-0.781496
0.397414
0.957448
2.1987
-0.293029
2.3705
2.54672
1.63412
1.88036
1.31507
0.867564
1.26817
1.23314
1.56825
1.18768
0.440405
0.433204
0.277891
0.735212
1.05849
3.51398
1.40709
1.71138
0.459756
1.62996
1.58789
-1.6838
1.6732
1.32734
1.17943
1.30928
-0.0320883
1.16639
0.687726
2.20745
2.6358
-1.22729
1.25288
-0.0820985
1.35628
0.311985
0.205609
0.468298
2.91166
0.202245
-0.190018
1.26366
0.0954283
1.92926
1.9541
1.23763
2.42685
1.48589
2.10383
1.13262
-0.332471
-1.58597
0.944436
1.4028
-0.114855
-0.13509
0.705662
0.663623
1.49534
-0.141242
0.671949
0.810129
-0.366852
-0.596886
-0.134223
0.689799
-0.170641
0.259257
-0.960066
1.95107
2.4635
2.95501
-0.614516
1.85261
1.48259
1.60694
1.95964
1.83305
1.15583
1.1304
1.7025
-0.0695691
-0.740939
-0.521099
0.186024
2.31034
1.78005
1.54673
3.74016
0.632199
1.26974
0.373496
0.490573
1.96771
2.03355
0.142392
1.3093
2.58793
2.28175
1.708
1.6029
0.202991
2.22744
2.39309
1.33721
2.1293
0.276818
0.145893
1.01891
1.81718
1.98335
2.41535
-0.799578
2.28105
2.07348
1.90583
2.13841
0.275202
0.0726718
1.5413
-0.0481066
0.425844
1.80654
1.0362
2.25785
1.98152
0.262068
1.27462
2.55827
-0.217752
-0.126146
2.12805
0.307706
-0.165031
0.180004
0.490986
0.96291
-1.05633
0.557901
1.41722
0.530296
2.95203
0.095167
1.39755
0.921958
0.682619
0.246589
3.5707
2.13646
-0.0591485
1.48642
-0.185503
1.50428
1.40518
1.20132
0.555382
1.06356
1.95191
0.259093
1.42245
0.256142
1.90593
-0.318289
1.3039
0.769744
-0.0618849
-0.0436479
0.372536
1.01965
0.096698
0.661859
0.388469
1.11125
0.844516
-1.14729
0.674039
0.89706
-0.646719
0.0801749
1.81982
1.9948
2.01735
0.16295
1.26737
-0.108615
2.56178
1.5911
1.78819
1.73214
1.80035
0.237673
2.30518
2.53258
1.13141
2.94384
1.14896
1.20405
0.615207
0.700015
1.15919
0.489667
1.90295
2.37039
2.40784
1.23073
0.583631
-0.0834114
1.11922
1.5545
-1.2385
1.18736
0.812759
1.65009
-1.14172
0.726073
2.39794
0.711962
2.32134
-0.169803
0.480719
1.09032
2.72745
-0.226575
0.806308
-0.037257
-1.28298
1.5825
2.97306
0.427881
1.7667
1.47344
0.918557
0.160128
2.68402
1.12438
2.13868
1.77219
2.37108
1.2009
0.18616
-1.14002
-0.458345
1.37444
-0.576355
2.07975
2.82254
1.40192
0.629595
-0.251651
0.858536
1.16165
1.91077
0.428505
2.98919
1.30293
-0.84831
1.65219
0.219232
0.640608
3.94346
-0.216138
1.01258
0.337063
0.585603
0.485599
-0.742464
0.495257
0.630348
-0.0307011
1.20656
-0.35522
2.29831
-1.1984
1.60787
2.41982
0.981564
1.47562
1.85628
0.971763
1.06156
0.504015
1.55668
-0.0532918
-0.228205
0.0565444
1.45897
-0.198399
1.25087
0.468035
-0.112489
4.63189
-0.254589
-1.18262
0.123498
1.24788
0.329425
0.872773
0.70843
1.61295
1.78391
0.951586
1.61365
1.38088
1.31747
0.449175
-0.507598
0.356385
0.537294
-1.28487
2.2609
1.79734
0.286174
0.16023
1.10099
2.36134
1.88474
0.249085
-0.621977
0.844844
-0.187731
0.536565
1.56721
2.43201
0.0745459
2.10322
1.41939
0.630341
0.858453
1.05177
1.2258
0.5497
0.805482
0.877732
-0.277094
1.99815
1.05515
1.55997
0.776806
1.05938
1.31086
1.56633
1.46391
0.950041
-0.119549
0.515697
-0.353006
2.56048
0.171399
0.124879
0.733467
-1.11762
-0.813259
0.548388
1.68089
0.965446
2.10671
3.13148
0.476351
1.81555
-0.170157
-0.245942
1.6999
1.44757
1.62296
0.760049
0.289672
1.06156
0.984131
1.19159
2.99741
1.84219
0.751646
1.27498
0.435798
1.40787
0.0911423
1.7063
1.9283
2.23575
2.15223
0.0684917
1.21146
-0.677266
0.405385
1.10966
0.224291
-0.452873
0.217312
1.48068
1.62867
-0.247931
-1.07188
1.4284
0.86869
1.80184
0.837929
0.525255
1.79564
1.19121
1.87718
0.399787
3.03485
-0.611372
-0.384226
0.347853
-0.389868
0.804819
-0.760943
0.786999
0.436686
1.34116
0.328743
1.24664
1.76466
1.24766
1.31571
-0.0940965
-0.527093
1.72676
0.7884
2.33908
1.09276
-0.606344
2.28161
-0.265818
-0.0124036
0.812701
0.830315
1.65994
1.54482
0.922504
1.93747
-0.271051
0.335427
0.529968
1.81932
0.438441
0.48541
-1.20074
0.805158
0.943197
-0.247431
-0.269958
0.814752
0.220186
0.0570221
1.10661
3.06126
1.90645
1.64742
0.395288
1.69974
0.449369
2.28094
1.12158
1.53207
1.47744
0.11876
1.53135
1.83003
0.5765
-1.31014
2.38864
-0.565015
0.826751
2.52084
-0.547153
1.30744
3.4938
1.30763
0.981968
1.15542
1.48367
-0.147878
2.41533
1.88421
0.702048
0.071329
0.844753
1.91108
-0.156832
1.71303
1.12027
1.41841
0.693623
1.02706
2.72814
1.29038
1.91128
0.65214
-0.275265
4.09201
2.16398
0.387936
0.556732
-0.311116
2.26472
0.449076
0.904896
1.1161
1.28435
1.46154
1.75047
1.20044
1.50112
2.54055
0.912766
2.69975
0.856726
0.231635
0.528913
2.30563
-1.02068
0.537702
1.2621
0.769445
1.24239
1.72412
-0.146114
0.799343
0.400311
-0.301138
1.92008
0.275909
2.4177
0.989945
1.46209
1.42742
3.05335
2.59303
1.38589
1.37669
1.63051
0.80401
2.25283
0.892877
0.672888
1.16417
-0.0574308
0.248803
0.970858
0.55872
0.102711
0.857915
1.22682
0.250706
-0.614017
1.13761
-0.0875431
-0.295373
1.23167
0.63421
0.255861
1.76737
0.697502
0.393038
1.98783
1.6631
0.551765
-1.04875
-0.081031
1.81984
2.21104
0.743189
2.73365
0.638339
0.642234
0.621226
0.58573
0.878689
0.992805
0.689437
1.05287
3.95093
1.41039
-0.291429
1.7931
2.18278
0.857526
1.97558
-0.0531627
1.82992
0.456319
3.28024
-0.76727
2.44596
2.8996
0.341256
1.03511
1.35419
-1.35292
0.785721
0.521525
-0.281173
0.252993
-0.177465
1.40634
-0.407963
2.11514
1.5171
0.200323
0.349624
-0.165653
3.14643
1.21819
0.655757
0.689391
-0.203923
0.985692
-0.380276
1.92276
0.801621
0.890172
-0.161447
-0.171346
-0.660551
1.24018
0.241115
1.31484
1.29341
-1.33751
0.0645452
0.397953
1.71303
1.35518
-0.56786
-0.189851
1.83253
1.74821
0.716927
0.280647
0.95154
2.12892
-0.484901
-0.315956
0.203638
0.686939
1.75344
0.911035
1.39924
0.622243
0.576401
-2.29115
0.852364
-0.316135
-0.0916727
1.86997
-0.115948
0.40578
0.708074
-0.499026
1.73514
1.95255
1.21521
1.74866
0.0201839
0.22286
-0.783606
-0.635142
1.51468
1.52399
2.28537
1.55627
0.349206
-1.2267
2.67257
0.178487
0.173868
0.636044
1.23666
1.12829
0.66177
1.73709
0.756855
1.86543
2.71474
1.74162
0.743998
-0.0846545
1.30187
-0.159756
-0.873347
0.0581431
2.00074
1.84394
-0.187073
1.08106
1.68494
0.228133
3.58863
0.584559
1.60724
1.40602
0.924254
0.219699
1.53422
-0.4869
1.65567
2.81251
1.2695
1.1029
0.714394
1.22322
0.801767
1.36304
0.348512
2.54731
-0.184813
1.51076
-0.308695
0.201361
1.68051
2.24571
-0.233808
1.26415
1.05161
1.15599
1.49581
1.40827
1.37828
2.89725
0.442251
0.0337914
1.52505
0.801965
0.961346
-1.17124
0.675607
1.56291
-0.76955
1.73504
0.421251
-0.391881
3.00646
2.267
2.31241
0.148752
0.67224
0.915934
0.536777
1.72439
0.82249
0.669447
1.34684
1.38336
1.2306
0.882041
1.8757
0.482269
1.86139
0.0977422
-0.00550946
0.447808
1.1894
1.46645
-0.439394
1.84529
0.10943
0.345364
1.56317
0.633072
-0.298526
1.04631
1.49724
0.136077
1.75583
0.308187
1.10046
1.27579
0.361841
1.81962
1.0128
2.26187
1.83622
0.937032
1.97963
0.382456
2.25599
1.87324
1.27428
-0.180019
1.97163
0.421524
-0.312254
0.194972
0.0275523
0.151826
0.714532
-0.112793
1.3974
-1.36362
0.771682
-0.391797
0.559704
-0.700027
1.34183
0.32087
1.49312
3.57972
-0.20802
1.9835
0.895333
0.420642
0.372813
1.32375
1.00859
0.575749
0.960532
2.17946
-0.136438
2.21367
0.00711126
1.72606
0.15483
1.09333
0.379478
2.41337
1.21807
1.00835
1.41392
1.10558
2.62995
0.871987
0.534032
0.396844
0.918249
1.12424
1.35262
-0.336283
0.502108
0.718742
1.84998
2.15739
2.65656
0.147414
1.23658
1.38033
1.12832
0.756734
0.0983201
1.88642
2.74458
1.50956
1.90663
0.954966
3.18378
1.70558
1.55211
1.40107
1.40378
1.98002
0.457032
1.90974
0.68355
2.22708
0.486182
0.900021
-0.133172
2.17183
-0.681617
2.6761
-0.445264
0.421804
1.3805
0.992211
0.88709
0.990082
1.20105
1.143
1.57798
0.515961
2.47144
0.275501
2.11095
2.54164
0.316025
1.08324
0.530555
1.1237
-1.60151
1.25505
2.5771
-0.444076
0.928706
2.17602
-0.395391
1.35762
0.858348
0.502899
0.873647
0.558932
0.365203
1.08936
4.12258
2.19089
1.63914
0.0316985
-0.186328
1.54828
-0.115671
-0.766971
2.84828
0.561727
2.03735
2.94391
0.701224
1.2664
2.89184
1.29503
1.72214
2.2676
0.321796
1.1381
1.36641
1.71104
1.44018
2.30374
1.70024
-0.94385
1.07893
1.45908
-0.461732
1.51416
-0.444069
1.61593
1.03951
0.80857
1.09218
1.28977
1.72176
1.01347
0.968948
-0.649316
2.32066
1.46386
0.527705
0.901122
0.772049
0.147926
1.789
1.19896
1.60381
1.50486
-0.0984853
1.18906
3.13173
1.59082
1.17061
1.34746
0.679154
1.60976
0.769876
1.82458
-0.156237
1.93772
1.84384
-0.0188452
1.3088
-0.0427249
0.746025
1.55446
2.41209
0.779328
1.07658
-0.315962
0.0151821
2.04641
-1.36292
1.57475
-0.900109
-1.06027
0.00572263
0.432746
0.785545
0.188842
1.05165
0.944919
-0.25352
1.61049
2.05193
2.08025
1.49619
2.23346
0.98608
0.67096
0.440397
0.273257
1.32806
0.131906
0.0239224
-0.763232
0.783194
0.666905
1.06933
0.436296
-0.0354773
0.499474
1.55114
1.5099
0.0686657
0.709805
-0.371004
2.99764
1.13935
0.290393
1.5184
0.731804
1.1307
-0.471505
2.42538
0.739619
-0.198486
0.535884
1.11164
0.719726
1.17016
2.99791
0.363687
-1.93764
0.827841
0.961092
1.22861
1.21291
0.547597
-0.480435
3.0539
1.05576
1.80987
1.3446
1.61329
0.935636
1.37274
-1.9599
2.80493
0.0131061
0.0387347
1.14496
0.911409
0.708547
1.15734
1.62077
-0.831882
1.7219
2.04895
0.58252
0.621607
0.299453
0.555637
1.30762
0.942248
2.10385
1.27987
-1.40249
0.71354
-0.560304
-0.824629
1.36989
-0.667014
1.4426
2.061
-0.420823
1.81017
0.0692841
0.673835
-0.0664869
0.0556427
2.14485
0.493027
1.153
1.23658
0.918085
-0.0424012
-0.183783
2.85303
-0.263124
-0.0901106
1.91557
1.28238
0.0903541
-0.276134
0.75185
1.73225
0.984909
1.60743
1.42219
0.292536
1.49735
2.44683
-0.0426948
1.00546
1.16989
0.162372
2.51336
0.703029
-0.579851
2.49451
0.606374
-0.315101
2.59511
0.932615
-0.13437
0.317695
1.15944
1.43926
-0.622931
2.04358
0.757261
0.610674
0.263093
-0.289095
0.0577592
-0.76568
2.33624
0.450812
1.30058
1.36011
2.10647
-0.129131
1.33492
1.01863
2.69092
2.23716
0.754644
1.2636
0.970896
1.82022
0.852685
2.01597
-0.152595
-0.453232
1.43608
1.51391
1.41929
2.36931
0.974505
-1.38374
-0.0303151
0.860989
1.07359
0.580399
0.283066
2.31626
1.74208
0.757268
1.32923
0.597164
2.87455
1.72018
-0.396428
1.68741
2.078
1.13359
2.5115
1.6535
3.61826
1.06841
0.400394
0.211047
1.58962
-0.730672
0.103091
3.67609
1.66911
2.3704
-0.369768
0.245459
0.963807
0.51118
-0.198205
0.70096
0.59549
-0.00901443
0.839009
3.71319
1.29508
0.920265
1.86112
0.408124
0.415642
-0.0256823
2.60801
0.696548
2.26492
-0.468787
1.57787
1.65883
1.48037
1.1254
1.07737
0.853638
1.19419
1.07151
2.66869
1.63697
1.50248
0.375923
1.12945
2.20209
2.30885
0.136618
2.18445
2.14896
0.273382
2.33406
0.270453
0.616379
1.99809
1.11686
0.224833
1.41178
2.83554
1.02996
-0.0121191
0.53403
0.679448
2.03058
1.55026
1.85414
-0.752746
0.686792
1.48918
1.35213
-0.55525
0.693054
2.95533
1.96454
1.07106
0.999594
0.352977
1.08591
1.90913
0.835352
2.12846
0.325455
0.571939
1.84277
0.0233568
1.56027
2.09118
0.976466
1.44988
0.540586
1.43965
1.72839
-0.439092
-0.0103448
1.60022
-0.335969
0.575643
2.05236
0.509973
0.941573
2.17777
1.48929
2.82767
0.258458
0.624781
0.599448
-1.51212
-0.454612
1.36862
1.86081
0.746315
1.17143
1.91539
2.01436
2.65815
-0.613516
0.667851
2.01688
0.610801
0.175158
-1.10279
1.09452
0.87602
1.37378
0.68603
1.20752
-0.0282405
-0.860048
1.92483
1.04509
2.34563
-0.131636
1.83511
0.662547
-0.250319
3.17751
1.40393
1.31215
-0.318492
2.09686
1.18399
0.699453
3.2917
2.84283
0.683537
2.06844
0.374756
0.240319
1.57497
0.322664
2.07089
2.69871
0.968389
1.50304
-0.115648
-0.84579
1.97072
0.844317
2.14653
0.96407
-0.781105
-0.175893
1.90406
2.09893
1.57244
0.283152
0.775457
1.72533
1.0114
0.0220417
1.78703
1.41267
-1.00477
0.700629
0.63923
-0.379264
0.34089
0.954692
0.732
1.86794
1.12044
2.33389
0.243035
0.182535
0.157103
2.28988
1.08609
0.356836
0.531114
0.833661
0.494005
0.637525
0.330861
0.381376
1.25196
-0.215979
-0.295357
0.769073
0.218965
0.938245
1.17634
-0.525809
-0.335972
1.64077
1.58607
-0.043503
2.25139
0.108333
0.541962
1.20209
0.857532
0.488345
2.38236
1.57036
-0.592462
1.9774
2.38915
1.09972
1.26639
2.12348
0.791708
2.61383
-0.791471
0.581929
0.517331
0.482554
2.42266
0.371306
0.555388
0.78245
1.67843
0.218475
0.65116
2.80441
-0.256181
1.74055
1.70368
0.760377
2.5981
2.63602
3.44989
-0.376792
0.764628
0.502064
-0.0600461
1.28979
1.21486
-2.04416
2.36997
1.52251
2.18536
2.36651
1.81197
-0.41987
1.57595
0.903733
1.88659
0.750486
0.45358
0.487126
-0.355811
0.173958
-0.0459464
1.26011
1.81234
0.501432
0.013691
0.29759
1.13959
0.994086
2.12203
0.55867
2.65111
0.437647
0.151765
0.528203
0.767134
2.04582
1.30249
1.24521
-1.06227
1.45335
1.21752
-0.560554
1.02429
1.40319
1.45264
0.73476
0.491351
2.26692
0.599297
1.89917
1.4999
-0.38512
1.25507
0.600224
1.14759
0.858663
2.16739
1.60037
2.17952
0.322996
-0.397913
1.40423
-1.33175
-0.0350576
-0.283554
2.63398
0.812765
0.819128
1.68583
1.59601
0.478668
0.680612
0.252205
-0.0585278
0.868913
0.12415
1.24857
1.93529
-0.785314
1.4221
0.570737
1.05055
0.0860106
3.42138
0.852806
2.73193
1.56008
0.602714
1.15769
0.722174
1.37549
0.726131
1.15126
0.393586
1.41247
0.375883
2.26521
-0.511209
1.19952
0.533249
0.57756
2.98572
0.342679
1.9513
2.70778
-1.15681
-1.1344
-0.0516007
1.265
0.989371
2.73528
1.06137
1.02247
1.71036
0.29889
-0.301444
2.1819
0.445767
-0.113499
1.21242
2.39283
-0.136608
1.90746
-0.409798
1.65307
0.323471
0.831135
0.810029
0.544932
0.746962
0.699871
1.21883
1.04377
1.20617
0.159658
0.345269
0.794831
1.77192
2.00011
1.49501
0.853713
1.77806
-0.23646
0.618975
0.131792
0.707637
1.68883
0.641807
2.55828
1.71313
-1.1141
1.40066
0.499127
0.032339
1.78491
1.6015
1.82373
1.86421
-0.601159
1.25659
1.44225
1.15885
-1.20921
-0.107197
-0.730184
2.10329
1.23611
0.0107754
0.837063
3.05889
1.00432
0.569933
0.629714
1.002
1.31631
1.11143
1.12349
1.96603
2.84393
0.301045
2.10046
3.8395
0.98061
0.0908185
1.46656
-0.0856761
0.0788542
0.432917
2.82591
3.12514
2.45208
0.684773
1.89925
1.59815
-0.131107
1.90002
1.44631
1.32244
1.87016
-1.09038
0.369596
1.27039
1.1017
0.540414
1.06188
2.69072
2.25082
2.33967
-0.354797
0.406535
0.311951
1.10545
1.12303
0.69748
0.752513
-0.218113
0.502609
2.64708
2.15558
2.07342
1.68668
0.78194
1.93237
0.297413
0.209334
2.33562
1.13114
-0.208133
0.884048
0.772752
0.467484
0.305189
0.374355
1.25663
0.995196
0.0918199
1.16726
0.538198
0.871082
0.833133
1.88889
2.60779
0.139986
1.61058
1.94854
1.27221
0.136846
3.14459
3.11078
0.14392
2.19875
0.763858
1.34646
1.99283
1.92921
2.63544
0.429521
2.30808
2.50833
0.624242
-0.38273
1.99233
0.936137
1.19312
-0.265757
1.99423
1.66183
-0.0560425
1.13904
0.921004
0.191723
0.94168
1.51483
1.03729
-0.984943
0.738482
1.33187
0.675002
1.65959
1.01227
0.522617
3.31006
1.81925
0.466186
2.03455
1.80789
1.2638
1.77275
1.79731
2.07772
1.73167
0.609476
1.78243
1.22089
0.571794
1.28229
-0.257729
1.026
2.08718
-0.862485
1.24546
0.411207
1.63847
0.315209
1.25828
1.33235
1.00802
1.03047
0.619735
2.27454
-0.162598
2.31053
1.69456
0.78886
0.95344
0.701175
2.9934
1.84311
1.12677
1.0917
0.768814
1.45409
1.78205
1.65517
1.95144
0.346978
2.41146
1.37512
1.65213
2.32633
0.101379
1.2423
-0.37275
3.24599
1.55001
1.72309
3.18625
1.34923
2.72144
0.623219
0.445332
0.905628
2.13227
1.47296
0.0789231
1.07761
0.525723
0.702532
0.812263
3.25669
1.29874
1.22927
-0.337371
-0.0715939
0.873039
1.24572
2.66553
-0.590414
1.70962
1.93556
1.07481
-1.40267
1.56089
0.937995
0.924527
0.884865
0.759485
0.929934
0.0731009
0.3814
0.575064
1.41761
2.25713
0.701801
0.126859
1.64387
0.373976
2.57543
0.509437
3.03779
1.31674
0.563185
1.43112
1.02154
0.233031
1.57176
0.969444
0.779413
-0.351351
-0.0169461
1.47563
2.18132
0.415639
-0.696256
1.23185
-0.145711
2.06887
0.666096
3.06511
1.29591
1.13301
0.282938
0.866954
2.08898
1.73991
-0.692197
0.884728
2.27522
0.835567
-0.543187
2.3335
-0.188772
-0.852474
1.95058
0.30036
1.12913
1.86908
-0.122239
-0.735494
1.10639
1.36162
1.25535
-1.19034
0.431494
0.215101
1.83698
0.662122
0.972484
0.466161
2.17639
2.31664
1.77051
0.536871
0.552149
-0.0966657
2.09974
1.79199
-0.742107
1.58742
1.03485
0.469653
0.633674
1.97373
-1.30813
0.925947
0.0146341
1.74432
0.314626
2.83946
-0.360666
1.8845
0.162643
-0.214253
0.702995
0.467251
2.3267
0.127267
2.33832
2.45874
1.52952
1.51309
2.80675
-0.0859764
0.486169
3.5529
2.31038
0.844055
3.15902
2.29499
2.19336
2.33734
-0.333899
0.765877
-0.351927
-0.0695829
-0.0187018
0.747593
2.1587
0.561207
1.7878
1.7142
2.48236
3.05945
0.662437
0.291506
0.7581
0.596806
-0.258816
2.38188
1.49541
1.2454
0.893199
0.386311
0.501598
0.487585
0.483044
1.99841
0.875694
1.24154
0.94826
-1.85241
2.06572
1.80794
1.55799
0.888462
0.0189171
2.41089
-0.00277631
0.605306
1.63392
0.704976
-0.0103322
0.959323
0.968478
-0.11776
0.624041
2.09363
0.247584
2.13815
0.968322
1.43703
1.69353
0.267581
-0.83279
1.51804
1.16369
1.38136
1.61543
-0.151258
1.68948
-0.0983304
-0.152891
2.27304
-0.481681
-0.00581703
2.72957
0.54862
1.75244
2.93849
1.9171
0.469346
0.638622
1.32989
-0.669996
2.00432
0.214505
0.908593
3.7271
0.061957
0.70302
0.910906
1.46881
-0.337893
0.823155
1.67687
2.29228
0.988267
-0.194384
3.81826
1.33588
0.719724
0.375704
1.98433
1.29375
0.982512
0.410803
1.17846
-0.586534
0.157168
1.78964
2.83255
1.58334
-0.114911
2.04622
-2.22913
1.65151
2.63872
1.81476
0.755877
2.02367
-0.231788
1.40056
1.21505
-0.172303
1.90111
2.07425
1.84952
0.319814
0.0772301
1.09726
2.90432
1.19551
1.02695
1.82385
0.174687
2.91457
-0.649886
-0.275013
2.01603
2.52233
1.34505
-0.0926523
2.73571
2.89808
0.580107
-0.590632
3.83608
0.264815
0.763815
-0.300906
0.875293
0.961058
0.958846
0.00978804
2.65862
0.510024
-0.640099
1.87517
0.618244
0.187642
0.39794
0.272144
1.17268
1.78835
1.4773
-0.745018
-0.703734
0.625866
1.27634
1.31139
0.764794
1.13304
0.413849
0.175414
1.16714
2.83723
0.696662
1.38707
1.77744
-0.020138
1.04601
0.112756
0.0213549
1.23512
2.45553
1.36397
2.00285
1.6671
1.71892
1.19317
1.78872
-0.417186
0.136502
1.10317
1.43496
0.109839
0.360342
1.33503
3.21892
-0.813819
0.733278
1.34206
1.15552
2.60599
0.311235
1.15353
-0.221291
-0.187128
2.74981
0.0472421
1.94594
-1.15462
0.391075
2.57767
1.43863
1.49953
1.96069
-0.367504
0.380985
0.642865
0.197306
1.12148
-0.0413821
0.928826
0.470875
-1.01451
3.20686
2.32886
1.04967
0.413875
0.995445
0.134006
1.88509
0.335903
1.20207
0.916754
1.44851
1.32348
0.128407
0.283646
1.88321
0.271535
2.45918
0.610604
0.368148
0.306231
1.38288
0.0439266
0.557222
1.52704
0.995284
2.83814
2.57886
0.489328
0.58086
1.01105
-0.0696218
3.49279
0.894434
1.4615
0.103943
1.29142
0.30094
1.64588
0.0394753
1.15581
1.36892
-0.473126
0.244699
1.18812
2.76105
1.23909
0.673092
0.536518
0.237806
0.781404
-1.01574
0.77609
0.420985
1.92175
0.912968
1.71115
1.07614
1.2673
2.79189
1.10007
0.201424
0.477739
1.25691
0.443655
0.74704
3.60829
0.137908
2.16269
-0.175553
0.71272
1.18363
2.22336
0.348831
1.15258
2.39879
1.55628
2.35003
0.531135
1.6521
1.20327
1.03973
0.986118
1.5553
1.80062
0.666608
0.794268
1.35388
0.509637
0.992203
1.79444
0.195386
-0.91854
2.52554
-0.195402
0.150189
0.279524
-0.337784
2.10317
-0.615585
1.95071
1.28298
1.72957
0.781327
2.75353
-0.890389
1.8023
1.58107
1.16087
2.5063
2.08084
0.849998
0.969111
0.194702
2.02775
1.68538
1.12333
-0.374059
1.36431
2.43559
0.302831
1.18243
0.752005
0.291755
1.93042
1.70871
1.41627
2.51419
-0.446845
1.51166
1.05855
-0.601682
1.56808
0.693119
0.341712
-0.33185
2.02976
2.46406
0.207951
0.968623
1.84104
0.460516
1.47854
-0.579623
1.40526
1.37819
0.655098
3.03634
2.94016
2.31546
0.533322
0.837453
1.96872
1.43095
0.290091
-1.5526
2.26123
1.68308
0.525583
1.2995
2.09815
1.92468
-0.0688941
1.14244
1.00796
0.242632
0.42868
0.417867
1.85921
-0.986604
0.845612
2.41185
-0.466606
0.693253
2.0312
1.80178
0.143516
-0.333437
3.87948
1.59585
1.01267
1.46102
0.832484
0.27568
0.260171
3.4704
0.360438
1.49267
0.308271
0.676593
1.75815
1.38766
2.51115
1.30267
0.824616
2.72787
0.708524
-0.294936
-0.426811
1.40438
1.27128
3.4659
1.6277
2.20954
-0.237358
2.63177
-0.134472
0.992075
0.922845
-0.326434
-0.253911
2.50924
0.352069
0.88273
0.583778
1.87015
0.605696
1.55175
1.99309
2.06319
-0.377037
1.73379
1.08645
2.72436
1.52644
1.90109
0.759346
1.24566
-0.816948
1.05638
2.58119
-0.0157844
0.797705
1.34991
-0.272456
-0.587994
-0.128565
0.435808
-0.517423
0.997247
0.908044
0.386127
1.90761
1.15069
0.348232
-1.30327
2.35632
2.06777
1.13469
1.50023
1.34971
2.97041
1.09866
2.77369
0.0325825
2.59588
-0.793917
-0.23439
1.7491
0.199557
1.61365
-1.37921
1.05028
0.611782
1.80301
1.94133
2.51677
4.61751
2.17446
0.677283
-0.359852
1.0231
-1.16784
1.15283
0.121432
1.99411
-0.0137087
1.12822
0.746357
1.61575
1.37455
0.958038
-0.219182
1.76927
1.55849
-0.230854
2.09599
2.17877
0.499765
0.536841
-0.50633
1.22666
3.55789
0.941982
1.80751
-0.913568
-0.408343
1.98428
1.22039
1.74417
0.956257
4.16896
1.27948
1.32385
0.151917
2.41241
2.04946
0.625811
1.63556
1.25082
1.615
1.73255
1.05362
2.53397
2.05104
1.3335
2.03415
-0.788547
0.426267
0.924817
0.648946
0.193791
0.397937
1.02934
2.99586
0.710664
0.586785
1.15742
0.528054
-1.53367
1.55436
1.18846
0.370654
0.626518
0.708538
0.174233
1.64151
-0.836904
1.58686
1.31794
0.835054
0.867919
1.70869
1.57984
1.56371
1.62022
1.18547
1.81266
-0.616095
1.8287
-2.15338
2.33494
0.095183
0.347714
1.70641
2.05774
0.563283
-0.0530734
0.558181
-0.234449
0.301271
0.248588
0.571127
-0.0377298
1.54552
0.594902
0.92012
1.15959
1.46884
0.139367
0.496574
1.07262
0.159861
0.334154
1.70777
1.62345
1.33845
1.85615
2.0477
1.74405
1.08696
0.277775
0.599213
1.96612
0.719045
-0.79762
1.40305
0.947756
0.868835
1.50763
1.09268
0.68
1.80057
-0.298459
0.650086
-0.0086154
1.11243
0.895957
0.353665
0.913918
-0.238244
3.54592
1.11822
1.50823
1.38089
1.89463
0.584701
2.48012
0.328642
0.914563
-0.803476
3.73709
1.35634
0.445498
1.37085
0.693542
1.28611
0.847896
0.558729
2.16571
1.50876
0.756595
2.07111
2.23993
2.06266
1.10863
0.447263
1.39805
1.53829
-1.02357
2.87751
1.83314
1.61464
1.02909
-0.18009
0.724301
0.886681
0.956343
2.48526
3.47962
-0.266091
-1.16022
-0.267922
2.38389
-0.443824
0.617868
0.522931
0.32118
0.845144
1.53668
0.628606
0.174485
0.60643
1.67446
1.41352
0.933568
1.21555
0.772056
1.92152
0.788761
0.987297
0.0707952
-0.0677469
0.568017
-0.363082
1.74757
0.989232
0.984272
-1.04604
1.13055
1.91601
0.170834
2.69392
1.2909
2.31916
-0.597579
1.18039
1.1821
-0.304862
-0.633556
3.00258
1.97792
2.73874
2.38202
1.69012
1.93054
1.40461
2.31305
1.66395
1.30748
-0.0358541
0.316182
0.465261
0.543194
1.87186
0.463069
1.98037
-0.196147
0.780371
-0.12397
2.29712
0.944723
0.0867686
1.79412
1.44123
1.12955
-0.431944
-0.763407
2.26314
0.707246
2.10245
1.56833
-0.597889
2.52395
2.08077
1.32091
-0.199284
0.755917
0.314368
1.21107
0.12554
0.438685
1.51495
-0.328841
1.45104
-0.557206
-0.512189
3.35322
1.31595
0.0875533
1.52546
0.470296
1.61669
1.71372
-0.317098
0.811181
1.71703
1.05603
0.113262
2.47141
-0.20142
2.35102
2.96324
0.5043
1.47624
-0.550265
0.486877
0.896192
0.309526
0.623101
1.18863
0.796689
-0.369345
0.591941
0.91331
0.406961
2.92858
1.54605
1.34318
1.16878
2.09885
1.58765
0.339074
0.414517
-0.411643
1.66235
2.60362
2.22433
-0.434621
-1.56205
1.82758
0.808093
0.156333
1.19755
1.25891
0.652775
0.710739
0.600804
1.07155
0.812534
-0.548242
0.00493207
1.20281
1.05317
1.46156
-0.109845
-0.939704
2.3615
3.48957
1.29226
-0.989841
-0.00121393
2.20939
0.430742
-0.413907
2.96838
-0.8845
0.802597
1.05583
0.780629
2.53939
0.133552
1.5336
2.36908
1.71246
2.02325
-0.672
-0.0653986
0.189469
-0.8934
0.677494
1.63678
-0.136868
1.89647
0.983116
1.32128
1.3398
0.220466
1.98771
1.0225
0.9475
-0.27284
2.96614
2.11167
1.8559
2.17137
1.85433
1.67677
3.13747
1.04035
-0.433047
0.740557
1.27784
0.0791121
1.95777
1.13554
2.20441
-0.344262
2.01833
2.36917
0.177551
-0.366491
0.678291
1.34177
2.17535
1.61171
-0.141397
1.75372
2.40191
1.37982
0.257008
0.67026
1.55575
-0.0818587
0.746575
1.41827
-0.920557
0.880586
0.332396
1.21171
-0.369589
0.134337
2.38141
0.212056
-0.674593
-0.266597
3.09643
0.845283
1.90184
1.18367
2.32835
0.80012
1.02336
0.0208158
0.221794
-0.821759
1.17113
0.880113
2.20731
0.441922
0.687974
1.82972
0.800285
1.81817
1.60588
1.63161
1.64667
1.05145
3.07919
1.00425
1.00269
-1.16065
-0.835182
1.68204
-0.30063
1.13545
1.38664
3.18037
-0.22413
0.331463
-0.320517
2.06374
1.7554
1.44412
2.57357
0.805861
1.41244
1.54572
1.33028
-0.814022
0.412397
-0.323618
-0.927395
0.107137
0.489375
1.35289
0.611762
0.00494348
2.13005
0.377686
1.22383
1.25776
1.76166
1.00649
-1.20449
0.0404491
1.89458
0.669119
-0.0521991
2.19395
2.78166
-0.475598
1.71006
1.40415
-0.150403
-0.134133
2.19793
0.932566
2.17386
-0.74898
1.38593
0.970109
0.58273
0.163
0.157212
0.044215
1.75833
1.21847
0.777593
1.0228
1.6192
2.8358
1.03641
2.79367
1.05672
-0.258704
0.208389
0.340584
2.17944
-0.129252
-1.27814
3.66488
1.38366
2.4917
2.64534
0.524279
2.32948
2.02156
1.47799
0.319007
1.0981
1.69749
0.945742
0.370371
1.31871
1.73644
0.0531678
0.660241
-0.243076
3.0252
2.41625
2.64833
2.76613
-0.345459
3.42755
2.00363
0.896812
1.83352
-0.3998
0.449364
-0.636447
0.737352
2.35654
0.633011
1.61243
2.47831
0.47653
-1.15178
0.254184
1.10364
0.944783
0.425912
2.37481
1.06652
1.61418
1.46297
1.78
1.36037
0.773194
0.487477
0.0459181
1.14721
2.18654
1.64992
1.757
1.87769
1.1887
-0.266915
1.63796
3.12193
0.847393
2.55959
2.72968
0.813041
0.976593
1.12181
1.64667
1.67084
0.198754
0.798434
0.189185
0.101827
-1.21155
1.95339
0.381247
-0.547158
0.0158248
0.0412289
0.361181
1.55911
2.17076
0.969234
0.150222
1.69946
1.66311
0.874603
0.162657
2.10497
0.794739
0.747744
0.559723
-0.703479
0.694312
2.1777
1.97374
0.328656
0.782578
0.617915
0.393711
-0.538094
0.743882
1.51531
0.907247
2.5956
0.933736
2.15361
1.29518
1.08458
2.30944
0.750413
1.91356
-0.0424784
0.903932
1.35819
1.65151
1.43641
0.677178
2.30526
1.29291
3.39029
1.58759
3.58236
0.291633
1.69748
0.803497
0.537368
1.19669
0.808785
1.14572
0.683671
0.313899
1.12345
2.11026
2.36227
0.398954
3.0204
3.37089
-0.0148757
2.86384
1.09567
1.04416
0.487897
0.863397
0.709866
0.534982
1.1382
2.13233
2.73689
0.165054
0.974086
-0.33794
1.65513
0.909782
-0.288764
-0.637264
1.63695
0.339583
1.19472
3.06456
2.57901
-0.573021
0.901276
2.73724
1.37282
1.38718
1.05633
1.83825
1.50443
0.552697
1.74357
0.873746
0.0367084
-0.168477
0.940859
-0.714409
0.667039
1.4193
0.809515
1.54681
2.54124
1.62578
1.74312
1.6578
0.309843
2.17352
0.308218
-0.669057
2.48474
-0.447211
0.419109
1.76347
1.31004
-0.448174
3.24231
0.435655
0.431922
1.55397
1.30316
1.21813
1.43569
1.13694
1.35925
-0.0539751
1.53839
0.672909
2.76791
0.388608
1.51031
0.889249
0.961268
-0.297999
1.52657
1.32094
1.56938
-1.07657
0.526349
0.818818
2.21908
0.403826
0.695458
0.234339
1.26415
1.84045
1.12767
0.718996
0.773504
-0.095874
1.13585
0.438547
1.19212
2.5618
0.0156694
0.994958
3.17158
1.13664
-0.517939
1.57968
1.19126
1.44455
-0.916336
1.54893
0.946222
0.896247
0.848442
2.11624
0.117327
0.850674
0.623489
1.70127
1.31732
2.35404
0.254629
0.459123
-0.625228
1.73923
1.6804
0.21395
1.81437
2.79272
-0.324268
1.36725
1.81111
1.47315
0.900872
0.943934
0.118292
1.3465
0.514403
1.04495
-0.100133
1.18079
-0.302211
3.02566
0.418014
-0.827243
2.60689
0.27737
-0.217975
0.590671
1.61538
0.264537
2.29235
1.73292
0.516635
1.26967
1.01044
0.752107
0.164101
2.12952
2.50148
0.313378
1.66403
0.799212
3.52636
-0.0354431
2.69599
1.3867
1.20684
0.153041
0.650966
1.369
0.694707
0.48961
0.0639677
-0.376248
0.344778
0.444107
0.0271982
0.499673
1.63036
1.08422
1.04811
2.2092
-0.819953
0.869454
2.14031
1.01306
1.19792
1.39099
0.935837
0.909758
1.64966
-0.183409
0.474844
-0.00524575
1.13003
0.162731
1.68713
-0.685143
1.05859
2.7384
2.01735
2.4886
1.4965
-0.216009
-0.234366
2.25313
2.13597
1.65642
1.14938
1.02466
0.899925
1.86764
-2.51757
0.543289
0.93907
0.265669
-0.330214
-2.37505
1.38654
-0.139415
0.230719
0.882113
2.30116
1.80695
0.747953
1.53073
2.24318
1.5436
0.721812
0.506067
1.14235
0.531151
1.09024
0.0759022
1.12661
0.912474
1.10396
-0.196342
0.479711
1.21271
2.39358
1.33457
1.13104
0.719119
1.55815
0.183626
0.832987
1.15928
1.75989
1.1175
-0.536295
0.919168
1.22582
0.639885
0.132201
-0.250092
3.18303
-0.993832
2.75249
-0.124122
-0.103167
-0.140547
1.8097
1.4033
0.479161
0.551602
1.42059
0.37307
-0.523748
1.05435
0.992675
0.846208
1.06823
0.992195
1.99186
0.867422
0.491793
0.972177
1.60663
1.30275
-0.135303
-0.703805
0.395632
0.683128
1.81206
1.97754
1.09796
0.180626
1.25732
1.87181
-2.06946
1.64096
0.995849
2.57338
1.96884
1.1806
-0.480101
-0.542743
2.56979
1.65829
1.58965
0.754228
0.886107
0.253803
0.792171
1.02707
0.914886
0.767545
1.50796
1.42484
-1.93642
2.57768
1.5281
0.0649475
0.98514
0.0810722
2.71783
0.525801
0.0581407
1.78958
1.92651
0.889586
-0.424471
1.74316
0.111584
2.06485
0.380937
2.36703
1.96672
-0.357184
-0.608759
0.622353
0.148496
2.62902
1.43023
1.01299
1.62692
-0.0262381
1.34704
0.357049
1.20972
0.626033
1.81775
1.96861
-0.0526948
3.06824
0.533799
0.141995
1.53095
1.77828
1.1535
1.41279
0.335645
0.782338
2.42693
-0.886176
0.584029
0.650688
2.76563
2.08285
-0.291047
2.50854
-1.54697
-1.25669
1.10051
-0.985001
0.311794
1.10778
1.98661
0.0795388
2.11756
-0.375032
1.43931
-0.500877
2.50811
-0.257089
1.23885
0.371692
-1.44011
0.336945
-0.993188
0.955421
2.20374
-1.30213
2.2789
1.11312
2.0216
0.915496
0.706962
0.00776681
1.77224
1.47412
0.0850633
2.60629
0.67011
1.10325
1.17137
0.792306
1.56574
1.08786
0.53823
1.78785
0.568253
0.244395
1.61708
1.1607
1.21485
2.68256
2.48996
2.0873
1.82795
0.613019
0.962665
1.70476
1.58088
1.51702
1.15679
1.54755
-0.924889
1.69985
-0.478465
1.39623
1.44143
1.43778
-0.0424254
0.675938
1.06009
-0.262658
0.610094
1.5163
1.00512
2.02507
1.13257
2.04517
0.673173
1.69346
-0.034104
1.20644
1.53091
1.49153
1.51895
1.89794
-1.84681
1.50428
1.67359
0.129177
1.12358
0.725341
2.15617
1.95508
0.924615
2.48666
1.86979
1.86018
-1.09035
1.02221
0.0921371
0.278114
0.871818
0.408688
2.19699
2.53055
-0.486966
-1.65391
1.43049
0.762942
2.09944
1.08784
0.671215
0.445551
1.40478
2.05425
-0.179474
0.724502
1.24171
1.09951
1.96257
1.70336
0.0521853
1.7265
-0.0218985
0.573095
1.85038
1.10904
-0.0801329
0.337021
1.66339
1.50344
1.10792
0.345074
0.391517
-0.471595
0.562948
0.711042
1.70737
0.980885
1.55585
1.57889
1.10895
-1.66187
1.04284
1.20541
0.351907
3.12244
-0.165061
1.49679
-0.577118
-0.0356532
1.91759
0.441306
2.07599
1.46304
-0.268795
3.64929
1.09728
1.61599
0.544276
-0.351036
0.293838
-0.0804714
-0.419218
1.73238
0.968599
1.8384
0.443331
2.20665
2.05438
1.58817
0.788485
2.19704
0.886598
-0.313285
0.967586
1.08077
2.07616
0.336561
2.72011
-0.816034
0.631462
0.292434
0.580969
1.19724
0.457268
1.29698
-0.0148197
1.62694
1.06724
0.4051
-0.257518
1.04243
1.30113
1.59021
0.0279279
2.56164
0.0907373
1.29861
1.64546
1.4252
0.429324
2.53194
-0.394319
0.995089
0.963361
2.48036
1.13385
0.326627
1.97748
0.417978
1.30379
0.436712
1.4973
0.986654
1.40182
0.206191
1.97939
0.865896
1.98292
0.771535
1.16864
1.03871
2.79765
1.2719
0.295186
1.12457
-1.11975
2.00441
-0.0783731
0.367835
1.87422
0.239737
0.594888
1.16924
-0.159979
0.946037
0.962921
2.16802
1.51142
0.323255
1.54963
1.68917
0.404355
1.52684
-1.57513
2.09691
0.917766
1.69077
0.50464
-0.172101
1.98958
2.0107
0.167644
1.15406
1.64695
-0.0434915
0.366625
1.38453
1.11302
-1.03683
1.97757
1.62599
1.12137
1.25591
0.968399
0.334642
0.0210536
2.25172
1.14841
-1.22372
1.09591
1.16244
1.37258
1.99889
2.35492
3.32284
0.910115
1.28533
-0.780187
0.443805
2.48788
1.56018
1.53255
-0.758277
1.50327
0.0428716
1.34838
2.21993
0.257487
0.601194
-0.0410871
2.31893
0.473887
2.14769
0.866825
2.2881
2.92029
1.92746
-0.516369
0.882005
0.117268
0.904187
1.13985
2.00257
0.642543
1.2759
0.513281
1.37476
2.41754
2.62955
-0.468977
0.458915
2.51122
1.77313
2.07645
0.245867
0.712978
1.23525
-0.324698
1.90375
1.59327
0.345114
1.46638
1.26464
1.27619
2.11512
-0.613665
0.447819
0.234569
0.440805
0.802935
3.0118
1.79322
-0.194052
1.39284
0.462909
0.307857
0.746198
0.961164
0.113978
3.00163
2.39742
1.10492
-1.09878
0.571514
0.738396
-0.169849
1.34456
2.34313
-0.497078
1.07789
1.3731
2.37362
1.25213
0.430175
0.421211
-0.816372
2.09607
0.875639
2.87011
0.418537
1.38776
0.447138
0.544041
0.700188
0.528096
0.778177
0.117412
2.22513
0.770186
1.26521
2.80775
1.05342
0.941846
-0.199259
1.58765
1.13109
2.08273
1.11303
0.0294846
1.18677
1.29782
0.848087
0.996537
0.787345
1.22719
1.43831
0.213835
1.49578
1.31945
0.160831
-0.751649
0.649622
1.41288
0.311641
-0.41426
2.10525
0.305722
1.00485
2.32289
1.75124
2.08038
0.425972
0.430343
1.10802
0.682463
0.212289
2.7545
2.23109
0.0259676
-0.082417
1.56194
1.7054
0.777055
2.06818
1.98983
1.10337
1.28724
0.213313
0.848591
1.18871
0.429116
1.31913
1.04639
0.228681
2.30172
1.42298
1.79069
0.400769
1.06184
2.38097
1.13997
-0.0995756
0.166901
1.95464
1.62909
1.81002
1.64723
0.663733
0.824651
1.02926
0.43679
1.2613
-0.921044
1.04012
1.51394
2.46465
3.50744
-0.96405
-0.513929
0.0753269
1.63708
0.0757025
2.66095
1.9364
1.24368
2.19102
0.335164
1.3451
0.155383
1.37872
0.870617
-1.02237
0.275226
0.697196
0.680568
1.28755
0.610214
0.152438
2.21871
1.41082
-0.884364
-0.582114
3.80026
0.440937
-1.15453
0.168718
1.33996
0.199238
1.82354
2.1311
0.195445
2.69074
1.44021
1.34176
2.53253
1.69181
1.094
0.806757
-0.600999
1.48295
0.409682
1.42908
0.983837
-0.0640047
1.02326
2.24043
-1.05546
1.12888
1.63673
-0.310299
1.77921
-0.497683
0.877091
1.36963
2.3473
-0.660442
0.446034
1.34819
0.118761
-0.200198
2.82431
0.652658
1.95402
1.62596
-0.494953
2.03985
0.869911
0.361585
0.966827
1.56785
1.1421
0.593062
2.62339
1.76127
0.665401
1.56516
2.51033
0.541028
0.935874
1.19487
-0.0579082
0.345753
1.28666
1.33888
2.5947
0.980645
1.81362
1.04883
0.40413
0.950476
1.60902
2.27906
0.531681
-1.34665
1.34577
-0.303169
1.55403
2.35217
0.975077
-0.259367
0.983622
-0.419435
0.0728027
1.17731
2.58825
1.18804
-0.108888
1.93312
0.458953
1.03512
-0.992906
-0.333274
0.852457
1.71544
-0.76129
1.87049
2.02949
0.874101
1.38357
1.71698
-0.736044
0.083191
3.27702
0.875048
1.7294
0.185327
1.32131
0.996619
1.86873
2.45425
2.26626
0.9327
2.17734
1.3942
1.16985
-2.49225
-0.680584
2.38563
-0.485942
0.772506
1.34591
-0.337203
1.9284
1.02952
2.17967
1.45888
1.6466
0.710782
1.498
0.79515
-0.587299
0.43376
3.03986
2.87819
0.674504
0.545259
2.09135
2.32929
0.596244
-0.199658
2.92446
1.16173
0.219034
-0.131878
0.550985
1.38352
1.1435
-0.519853
2.31633
1.20613
2.77742
-0.514032
0.882065
-1.10844
3.26762
0.772586
0.692704
1.5902
0.974969
0.974147
0.878078
0.642391
0.93607
0.313659
0.461347
0.654672
0.875631
2.28439
-0.500819
1.22081
1.92735
0.175462
2.33053
0.990267
-0.10699
0.120438
1.90759
0.386455
2.06305
2.47348
2.21449
1.19186
-1.29255
1.11097
3.15037
1.22787
1.09055
1.67177
3.09155
1.51211
1.61657
1.75671
-0.142007
0.69573
0.622224
2.08376
0.554077
1.79505
0.261316
1.1454
0.155259
1.2509
-0.376486
-0.538145
1.17639
1.46906
2.01664
2.29049
1.24963
0.0344553
2.86396
2.93335
0.0454711
0.36818
3.81624
-0.0620392
0.719698
1.32646
1.88766
1.5074
1.49994
-1.40135
1.89007
1.16154
0.582246
1.49795
1.7282
0.616621
3.08644
1.94826
1.83369
1.66498
0.200937
0.0792058
0.967844
1.74685
1.23312
2.22995
2.16722
0.262428
2.43624
2.16139
0.687752
1.45286
2.21649
0.042415
1.22039
1.37012
-0.812439
0.678625
1.2662
1.72737
2.38786
0.944319
1.77743
1.50255
1.78007
1.98569
1.18741
1.48511
2.80983
0.588117
1.54814
1.53575
-0.0699084
0.307781
0.157881
1.18587
1.40227
1.09637
1.88458
-0.0133699
0.997632
0.448729
0.564183
-0.199131
1.49089
-0.683418
-0.72711
1.29304
-0.299767
2.08369
2.29398
0.689604
1.57458
1.04336
0.341076
0.127954
1.37424
1.55887
1.11526
2.59248
-0.14241
0.477921
1.81471
1.50035
1.57973
0.9976
0.705114
-1.13482
1.40944
1.46192
0.956563
-0.477727
-0.449481
0.216422
0.850354
0.558982
2.08903
0.299101
0.870791
2.88291
1.83091
1.62824
2.11742
0.177166
2.79217
0.919595
-0.719379
1.80232
2.31446
0.504846
1.30561
2.53321
-0.640377
1.12041
-0.31289
1.01794
1.6686
0.0763697
0.791664
0.654487
0.442001
0.000801265
0.795225
0.9684
1.78319
2.3775
0.29731
0.299363
0.162996
0.335985
0.268617
-0.45472
1.63614
1.22013
2.85481
1.07973
0.502462
0.338995
2.28062
1.08747
1.77068
1.58039
0.970048
1.31161
3.2459
2.76471
2.01465
-0.342906
-0.122461
1.33587
0.675101
1.26639
3.45779
0.797043
0.453516
0.461699
0.130036
1.10128
0.477842
0.949165
1.17103
1.25926
0.786208
1.40559
2.66212
1.17801
-0.211733
0.58273
0.401296
2.87333
1.84139
0.877783
0.721572
1.56905
1.6341
1.10287
0.772821
3.10672
-1.02984
0.271933
2.32643
2.22428
3.12154
1.54351
2.08095
0.225832
0.381758
0.714547
-1.31603
1.8378
1.911
1.04193
1.47084
2.11974
2.38621
2.09198
0.248069
0.94045
0.0382944
-0.917436
0.207725
1.5935
0.950575
2.20209
0.419391
1.6324
0.09141
0.327941
0.283428
1.6611
1.04059
2.0518
0.615054
2.65343
2.21172
1.80782
-0.553509
1.36669
1.91892
1.84966
0.818159
2.27152
-0.453399
1.41367
0.990465
1.94311
0.661049
0.819072
1.62374
1.08036
0.951661
2.31916
-0.293629
0.813663
0.44189
-0.235829
-0.109033
-0.654004
2.00171
-0.191431
1.28235
1.2007
0.558591
-0.779679
-0.404708
2.73468
1.50291
1.66589
0.154917
2.56439
-0.77702
0.542711
3.23289
0.657072
0.210583
0.134135
0.718939
0.262921
0.49651
1.12916
0.0772316
1.23486
0.573298
-0.0082093
0.884432
0.875118
1.46449
0.296556
0.452112
4.26846
-0.702395
2.38276
2.74288
0.28029
2.07086
1.58279
-0.258092
1.32056
1.40943
-1.20541
1.61857
-0.0836238
0.956869
1.12827
1.59474
0.264775
-0.438844
-0.620331
0.781959
1.76416
2.01543
1.49037
1.63209
0.264387
0.878187
2.36044
1.9527
1.53291
0.990662
-0.382566
1.01793
-0.164699
0.474315
-0.696444
0.581199
4.05427
0.708878
1.0024
1.71682
4.00767
1.57363
1.48255
2.74679
2.14448
0.485259
1.28251
0.87111
1.47091
2.17558
1.417
-0.691823
0.856746
0.480066
1.34621
2.13097
1.00549
2.12563
1.87243
2.13707
1.78948
0.448361
-0.167397
-0.450156
2.73549
1.27337
0.679512
0.65145
-0.765212
-1.05772
1.74139
0.500787
-0.20853
2.0979
0.803287
2.46382
1.73923
-0.359139
1.03795
3.69907
2.13357
0.859359
-1.91533
1.29719
0.00168006
2.4657
1.79487
1.01094
3.0347
1.6791
0.744158
2.00911
-0.833893
1.21526
1.17826
1.23509
1.2596
0.721259
0.0974709
0.416083
0.840036
1.42279
-0.26284
1.38094
0.535007
-0.279074
-1.1952
2.51364
1.13163
0.528973
2.41523
1.58236
-1.18526
0.502009
0.853137
-1.16192
-1.50315
1.66931
0.125089
0.0252611
0.722493
1.91797
2.65707
2.37418
0.457284
-1.09183
0.480925
-0.377737
2.28186
0.0273231
1.45289
0.857888
2.07156
0.725708
0.480158
0.856611
1.65053
0.444122
-0.21259
1.92931
2.22394
0.432372
-0.17649
0.338602
0.609736
1.61222
-0.0909347
3.0532
1.34187
1.40022
-0.807909
1.92124
0.777042
0.355224
-1.14251
0.86695
0.266027
0.443131
1.08587
1.56271
2.4589
0.35651
1.75156
0.19399
2.65146
1.08419
-1.09316
0.779928
1.27105
1.3871
0.572973
1.38286
-0.331535
-0.28641
1.31992
1.94335
0.854021
0.761214
-0.182408
1.82966
2.77314
0.600409
2.19441
1.27479
1.9823
0.638576
-0.0659946
1.92169
1.36949
0.613986
0.23069
-0.0243128
0.773733
1.32655
1.93228
1.18247
0.113037
0.962213
0.151062
0.691366
1.95021
1.62848
-0.215515
1.33174
-0.0728435
1.69559
1.85055
0.661482
1.20105
1.65144
0.357642
2.17233
1.43059
1.65209
-0.598715
1.35404
0.83101
-0.729729
0.880137
0.558905
1.03858
-0.0364774
1.75775
1.44715
0.146078
2.35644
0.389017
1.27948
0.824084
0.428871
1.65727
0.546025
1.90473
-0.0255634
-0.0978674
2.26376
1.02254
0.126011
1.42729
0.701842
0.680831
-0.403688
2.4304
2.4305
1.66958
1.62346
0.812399
-0.00209958
0.190848
1.87693
1.4572
-0.133775
-1.52374
1.74711
0.966489
0.458664
1.09671
1.82506
1.49741
0.765303
-0.480681
1.25027
0.407631
-0.111574
0.292221
-0.872417
-0.180751
1.54877
2.24143
0.615339
1.9986
2.32481
2.85024
2.19197
-0.411275
3.08367
0.369765
0.715147
-0.371005
3.56826
0.313908
2.26213
1.82584
3.27112
0.890748
0.460453
1.31398
0.774179
0.934821
1.34626
1.81495
1.21771
-0.691546
0.502099
1.72124
1.99092
0.0913038
0.639103
0.248164
0.377566
0.959656
2.0277
2.83986
2.32105
-0.409321
2.17127
1.80743
1.37525
1.88608
1.28183
0.642262
2.08808
1.60243
0.228467
2.06897
0.156028
1.28015
0.77831
0.274513
1.8257
-0.202723
1.24622
0.387657
1.43969
2.17002
0.678433
1.63101
-0.607418
0.435576
1.85886
0.259098
2.61639
3.15468
0.374434
0.612274
2.03368
1.91119
2.91421
2.17337
-0.160279
1.22562
1.8582
1.97991
0.805618
2.39077
0.309193
1.31972
-0.0951845
0.418373
-0.971459
1.09486
0.44301
1.15369
-0.425214
1.96421
3.02789
1.1768
0.0602265
0.715117
2.14573
0.65835
1.53544
2.58821
-0.560752
1.93491
0.161172
1.87326
1.12763
0.893389
0.229407
2.27559
2.1301
0.937346
0.947316
1.05432
1.20993
0.608133
-0.239795
0.622196
1.90496
0.0715649
1.42717
0.883115
1.09697
0.137861
0.60765
0.0667379
-0.395516
1.57242
1.32745
0.963923
0.976519
0.23903
-0.487117
2.74149
-0.355742
0.0763586
0.652662
0.661381
-0.180241
0.843808
0.497193
1.7919
1.62316
0.965256
2.43129
1.1586
1.30821
0.0953407
1.2663
0.0833764
2.94981
0.568873
-0.706129
-0.0673663
0.917374
1.03331
1.15698
-0.0817328
-0.303254
1.60432
0.734355
2.22567
1.69591
1.64777
0.436087
-0.536888
0.108421
0.0486981
0.835052
-0.538764
1.16129
1.85361
1.51462
-0.70812
0.00976224
3.56887
-0.924181
0.00868798
2.14071
0.694342
-1.24539
-0.00409152
1.96894
-0.28398
1.73772
0.507289
-0.324336
1.0041
1.14196
1.13462
1.01051
1.19281
1.74858
0.713266
0.88369
1.53083
0.626057
-0.00682479
1.51412
0.77593
-0.807903
1.1996
1.34872
0.384646
-0.325187
1.31118
-0.567543
1.86135
2.2629
1.7773
1.25253
1.24091
2.34907
0.714943
0.806207
2.34026
-0.197909
1.42939
2.06609
1.53112
-0.559066
1.63165
-0.0198971
1.01657
1.25039
0.0574068
-0.240989
2.22724
0.895573
1.79832
0.444404
-0.287524
2.01998
0.0271687
1.83124
0.511143
1.37767
1.49834
0.421056
1.12363
-1.01339
-1.1262
-0.937606
3.23067
0.573663
0.0524009
1.63135
0.735045
0.36073
1.19055
1.92302
0.380508
1.26989
-1.57191
0.934099
-0.605841
0.944472
1.87337
0.836812
2.51641
-0.478101
2.25906
0.754478
0.949132
0.301902
1.80362
1.05984
1.37892
1.45632
0.206548
2.43849
-0.29687
-0.321787
0.0797887
0.147625
0.963202
0.929404
-0.402898
0.773467
-0.901922
-0.242035
1.32547
0.579656
-0.692081
0.0502624
0.583651
3.37933
1.14821
1.34221
1.59247
-0.929275
-0.705247
0.420724
2.90305
0.414681
1.80038
0.34955
2.09398
0.267013
1.92045
1.41551
-0.00749084
0.895173
-0.837433
2.82222
2.07743
0.695125
2.02441
2.26119
1.30728
1.45178
2.9498
3.47481
0.513079
0.889986
1.16505
-0.92865
0.23066
2.26539
1.94601
0.674583
0.0834086
2.15192
1.25209
1.42792
-0.636931
1.61536
0.108481
0.830836
1.46094
0.127555
0.624365
0.440507
0.841701
0.116237
1.31078
-0.268489
1.64106
1.65179
1.42911
0.241084
1.63452
0.695003
2.36132
1.33717
2.03651
1.3541
-0.287042
2.31412
-0.317385
0.124451
1.28524
2.10445
0.756069
-0.731539
0.0242822
0.495193
1.31445
1.91032
1.23891
-0.227066
2.44241
1.21472
2.18062
-1.06006
-0.726702
1.82413
1.16638
2.45198
0.592302
-0.345819
1.03809
-0.552714
1.29481
1.62039
-0.151622
0.570145
1.30539
0.885042
1.79977
0.88368
0.863737
1.14069
0.581285
2.03
-0.189208
0.806945
0.0842435
2.89924
0.533925
2.55791
-0.0739416
-0.498959
2.60609
1.68715
0.7576
1.51345
0.536555
-1.13961
2.28765
1.09154
1.93286
1.19361
1.32969
0.74598
1.64149
-0.659048
-0.27545
0.213933
0.115604
2.13907
0.4254
2.29084
0.957623
1.68285
1.26592
0.414452
0.653922
-2.0381
0.440619
1.86397
-0.483169
0.899276
1.50773
2.64836
0.756439
1.43101
-0.04289
1.24912
1.65799
0.794094
1.08576
1.08108
1.533
0.334565
0.800164
0.868065
3.04057
-0.396277
2.25344
0.820064
-0.053814
1.22606
0.859182
-0.141239
-0.574974
0.458637
1.01198
0.714672
-0.542381
0.180777
0.498351
-0.0537601
2.50576
-0.058734
0.458513
2.05118
1.3446
0.00340929
2.48795
1.78646
1.10341
0.0273356
0.263144
1.26531
0.346935
2.42307
1.35885
-0.809444
1.34523
1.79134
0.866773
-0.293703
2.62198
1.54944
1.28893
2.13026
3.16117
1.09849
2.1067
0.126116
0.65091
1.74315
0.74238
2.11851
2.36515
0.109204
-1.14133
1.33549
0.439962
1.20073
-0.017381
0.403305
0.148814
0.824753
2.49335
-0.734594
0.257237
-0.272239
0.755343
0.294426
2.1049
1.45325
1.53675
1.82921
1.99699
0.948265
1.22853
-1.07402
3.51179
0.385738
1.28114
2.25256
2.25364
1.96177
1.24657
2.96102
-0.0438731
0.421413
0.535297
2.74783
0.575374
0.281497
1.24449
0.821303
1.59913
0.22659
1.00294
0.079821
0.594522
0.257455
1.43676
0.847582
0.353096
1.47377
1.63723
1.31214
0.859247
1.1293
-0.235707
0.815838
-0.525599
1.50615
2.90359
2.22151
1.20623
1.61182
1.17071
0.451158
0.564003
1.37652
0.9219
0.761274
0.621773
1.79107
0.829401
0.459722
1.41265
1.66735
-0.205262
2.04957
1.19492
0.82255
0.623047
0.770639
-0.425618
-0.712497
0.0184944
1.70614
-0.0835765
0.713471
1.80985
1.34971
1.22863
2.14216
1.07775
0.302435
1.93069
0.432442
-0.137469
1.46924
1.33165
1.15753
-0.0764898
2.31673
0.685682
1.10813
1.08549
1.7265
1.09573
0.921316
-0.378819
1.94704
1.59203
0.24828
1.46771
0.231828
0.699148
-1.00272
1.9438
1.75097
0.774235
0.641707
2.02229
0.879568
0.477334
1.09338
1.35195
2.16274
0.550764
-0.482821
-0.264045
2.00915
1.03507
-0.136641
1.37408
1.39258
0.583115
1.61584
0.325463
1.64151
0.146293
-0.376361
1.80579
1.76998
-0.581779
1.32222
1.2178
0.331422
1.76532
0.716141
2.88331
1.27434
2.36336
1.5803
1.13829
1.14201
-0.739055
0.956362
2.17919
1.45856
0.857043
-0.0717024
0.964996
0.86271
1.07423
0.665022
0.563478
1.20172
1.67151
-0.462551
-1.8529
1.06501
1.09663
1.51743
3.06408
1.27664
0.0202977
-0.00839884
1.23839
1.1018
2.21171
-0.722744
0.299831
0.424886
0.769487
-0.656942
0.688456
1.20693
0.592273
-1.38342
1.19596
1.7504
0.927964
2.17742
0.205879
2.85911
0.618864
0.606656
1.00791
2.18277
2.06768
2.54378
1.28685
2.10642
2.14987
0.0704381
0.72716
0.950855
0.653376
2.00954
0.97679
0.00876581
1.43515
-0.627244
0.433666
0.181055
-0.0789485
0.270857
1.53309
2.08584
0.891723
1.81952
0.957911
1.62443
1.2743
1.53332
1.11885
2.30563
0.961431
0.390927
0.408692
0.512189
1.31761
2.0929
1.87808
-0.546292
1.34209
0.549906
1.25837
1.73271
0.599824
0.808002
3.02105
1.15141
1.52777
0.673147
1.31915
1.48795
1.2532
0.826526
2.72364
2.83908
-0.888279
2.71778
1.83549
1.59288
0.831438
1.27721
-0.0422804
0.0109304
1.3244
-0.233737
0.565098
1.47286
1.28895
1.92095
0.234312
-0.714758
2.30612
0.788464
1.30231
-0.528134
1.27917
3.21073
1.31103
1.82327
0.221189
0.777926
0.529579
0.0162128
2.29364
2.74778
0.780995
2.34237
1.81294
0.624234
0.467291
-1.23957
1.88235
0.100012
1.72885
0.6481
1.51273
0.860299
1.54844
1.19827
-0.681943
1.12892
0.805222
1.54427
0.36847
0.390664
1.15069
-0.639078
1.77176
1.19082
1.1822
0.543669
2.1635
1.67322
1.62224
0.482848
0.658597
1.8817
1.70875
1.14594
1.40891
-0.2272
-0.241235
-0.555505
-0.886964
1.64937
-0.47497
1.37925
0.569954
-0.00221668
1.24096
1.33718
0.980307
0.255373
0.278685
0.902442
0.599803
0.769798
1.77147
2.91807
1.98651
-0.0199078
0.196335
2.30016
1.21705
1.4093
0.468937
2.6602
0.143892
2.27095
2.47904
0.767965
1.28524
1.84085
0.266384
0.404167
2.65049
-0.119343
0.431121
-0.136123
0.0695403
0.860352
2.02764
0.28148
2.01714
0.600728
-0.996318
0.925023
2.32607
1.50536
0.848513
3.66192
2.5239
0.771456
0.396459
0.474823
0.420925
0.404018
-1.29479
1.53206
0.351131
0.991025
0.846428
1.02902
2.96657
2.00205
2.52289
-0.51061
1.99793
0.807608
0.400337
1.40308
0.96617
0.678467
0.0119552
2.58069
3.41236
-0.200787
0.616831
-0.136686
3.0559
0.602047
1.91666
1.88928
0.86011
1.45484
0.0483295
1.32081
1.69619
0.400469
0.304219
0.359109
1.49819
0.0801288
0.848554
1.44621
2.32641
2.33978
1.70235
1.4068
1.05245
1.39955
1.26453
1.38542
0.552936
1.63781
2.31676
0.764879
2.69526
-0.849822
-0.110068
1.51282
1.75175
-0.0885807
2.56906
1.76549
-0.203526
1.83935
2.19423
2.03084
2.35936
0.357233
1.74728
1.51276
0.0941358
0.484079
2.43221
2.82509
0.907643
0.879198
1.56911
2.69796
0.213761
1.56331
1.7231
2.34457
0.686847
1.93273
0.0478637
2.1591
0.68597
4.75411
1.03956
-0.693883
1.14555
0.662452
-2.55308
1.98765
-0.415714
2.77795
2.09195
0.806957
-0.48115
0.975778
0.979195
2.941
2.41461
1.46684
2.33904
0.935631
1.6119
1.27278
-0.478292
0.0484539
0.728854
2.52502
1.59164
0.0763502
1.3494
0.000945366
1.35909
3.95791
0.922116
0.400812
0.3151
0.624719
2.31635
0.417723
0.171452
2.36206
0.471365
0.567521
0.532402
0.7464
1.65025
1.3982
0.595434
-0.220677
-0.0838542
1.21389
1.5607
-0.0179734
2.06282
0.885078
0.0374753
2.74362
1.163
-0.557808
0.814943
0.820642
2.06744
1.31424
1.86307
0.731478
-0.599194
0.499746
0.938257
1.86374
2.18084
2.91884
0.642755
1.34947
1.7977
1.71071
1.65563
1.76429
1.25466
-0.476789
1.07632
-0.475948
0.516926
0.820594
2.37554
0.142735
0.950782
1.52201
0.534142
1.08356
2.24097
0.20633
0.0313971
0.0910408
-0.541621
1.51059
0.0513538
-0.49121
-0.423632
-0.127556
1.28759
-0.56742
1.23188
0.920551
-1.49084
1.84913
1.28798
0.0629997
1.55689
1.11282
1.25304
2.64758
1.13584
1.4004
-0.507774
1.18099
1.41056
1.4185
1.90811
1.47845
-0.354073
1.53639
2.40814
0.0899098
3.02111
1.17339
0.0908695
0.959342
0.459845
1.2312
2.18771
1.6652
0.556952
2.00338
0.323192
0.990298
0.813917
2.02216
0.641879
0.55839
2.02276
1.79362
0.201001
0.775584
0.873012
0.533487
1.96918
1.26754
1.47554
1.70057
0.339529
-0.491418
0.770382
1.28782
1.18867
2.90746
1.07561
1.2664
0.621204
-0.0709948
0.616423
0.347788
-0.98269
1.59435
3.25258
1.84179
1.67504
6.20667
4.78569
3.61164
3.19018
7.05273
3.48828
3.32365
5.81653
3.49032
3.36551
4.74027
4.00969
3.7343
2.3847
3.98753
3.55104
4.29925
4.17187
2.46498
3.41169
3.52723
5.02713
4.33618
4.55821
2.75682
1.50912
3.95365
4.1629
2.85945
4.556
6.13543
4.91135
3.7495
3.78905
3.67165
3.2146
5.29805
3.05783
3.55032
3.64152
3.64133
5.33569
5.79527
2.97527
3.15306
1.93929
5.25307
3.26927
2.33518
2.53337
1.3771
2.76206
3.77415
3.85974
5.4572
3.00623
4.04062
2.64136
3.79865
1.5455
4.18772
4.7314
4.5936
4.28246
4.98544
5.32267
3.05983
4.16904
4.00105
2.4354
3.81187
4.69451
2.93805
4.11146
4.87074
3.48722
4.75986
5.49839
4.5057
3.72522
3.16639
3.28524
2.11989
2.73059
4.47695
5.77908
3.22127
3.78644
4.34868
4.33323
4.15691
3.72504
4.18333
4.24386
4.16808
4.70832
4.39105
4.95398
4.53898
5.20008
6.78236
3.95964
3.19113
3.25094
4.63957
2.95019
3.40763
6.7401
5.76987
2.07357
3.67129
4.96865
4.40047
4.09111
3.07622
4.22189
4.64493
3.29428
4.02002
4.76013
3.10781
2.47346
3.00063
4.56505
4.16113
4.40049
3.97262
4.65505
3.68094
3.89655
2.41616
3.30282
4.2035
5.22167
5.64613
4.55616
4.64996
3.16948
4.28157
4.27507
4.93276
3.88243
3.11124
4.57468
2.82946
3.29838
4.55119
6.20033
3.21207
4.12652
3.26063
2.8648
3.96498
5.19107
3.63392
3.53378
3.05229
4.21824
1.92599
3.18233
2.42443
7.11625
5.97509
4.30598
4.58455
4.61652
4.58718
2.02496
4.71546
4.61084
4.57633
4.07791
2.35924
3.96122
3.92762
4.41597
2.79167
3.47469
3.53003
3.72986
3.7625
2.92785
4.50322
3.4706
5.40096
4.7701
3.24682
3.18149
1.95936
5.98768
3.50809
2.5284
3.49148
3.70638
1.50057
2.3725
5.2639
3.82305
3.34956
3.32962
3.24991
4.97438
4.31428
3.92737
4.76362
3.34165
2.42895
6.19578
5.86263
4.8668
3.89141
4.71727
3.45368
3.5595
3.6324
3.39774
3.17115
5.48897
3.79512
4.45644
5.71467
3.9991
3.96451
1.77404
2.26196
1.94398
5.4828
4.50562
2.7471
2.72392
3.44457
3.44631
3.80947
4.42569
5.23817
4.39806
4.13506
4.45032
4.15057
4.09671
4.47093
4.98399
3.9208
3.61063
2.69005
3.16419
4.8414
4.19594
5.0229
3.21687
2.15028
4.89299
4.60498
3.72444
5.25297
3.54458
4.61516
3.87448
1.86303
3.53605
3.77036
4.50037
4.64583
2.11637
4.31551
5.77645
4.43618
4.24354
5.07717
3.12957
4.62443
5.39277
4.86119
3.20384
2.78268
4.18606
4.28112
1.95576
3.78774
3.5341
3.79753
3.66018
4.19655
3.94875
3.75078
3.78255
4.46967
3.28778
2.35036
3.89714
3.07399
2.9311
2.71588
4.91689
2.96027
2.16609
3.14389
3.9049
3.52113
2.66377
6.61458
4.63375
3.7782
4.17621
5.05545
3.56073
5.93554
3.03215
3.71929
4.83833
2.75103
3.91976
4.66513
4.68941
3.80983
4.16903
3.40215
3.59815
2.68885
3.82911
3.42161
3.5447
2.63559
2.03892
3.46667
2.9721
5.0145
4.13708
3.72342
2.71275
3.61435
4.12102
5.98454
4.41413
4.30603
4.1757
3.76002
4.90438
4.62189
6.32923
2.196
5.80111
3.01381
3.71738
4.53449
4.04438
4.72834
3.3953
5.00453
4.82166
2.60963
2.42654
2.5432
2.67231
3.72724
4.29793
3.30605
2.52705
5.41208
4.33652
3.28156
3.41627
4.94703
5.14602
4.15146
2.62871
4.29098
4.45328
4.80842
3.66002
4.89537
0.818319
4.46664
2.75486
5.67533
3.99298
4.41191
3.75031
3.91325
3.72333
6.43407
6.27666
2.31642
3.84489
5.55199
4.42414
5.55291
3.32428
3.23957
5.70251
4.15541
3.76369
2.57335
4.37628
5.61735
4.98784
4.85959
2.7866
3.35244
4.21253
4.84655
5.07448
5.34266
4.74563
3.7211
4.38009
3.33804
5.07124
4.2908
4.1062
4.23612
2.8306
3.65358
3.52635
1.63229
3.4287
5.51536
5.1883
2.17197
6.01372
4.06633
5.2512
4.8744
4.65013
3.7478
1.53171
4.34835
2.48704
5.97329
3.24263
3.34092
4.05462
3.23493
4.41504
5.39816
4.00419
4.67943
3.51639
4.31716
2.40208
5.32176
3.33952
4.41053
2.92993
3.02995
3.56814
4.03819
3.24203
3.55568
3.78449
4.21292
3.23368
4.10622
4.55835
3.46575
4.94429
3.50582
2.82953
0.215145
3.32937
3.2088
3.14077
2.84275
4.55733
6.07917
4.5779
3.86228
3.72504
4.2364
4.13873
3.88121
4.78106
4.4211
4.33193
2.72812
3.24731
3.80639
2.49471
4.1221
3.00866
2.81614
4.38388
5.88277
4.91621
3.27072
2.174
2.71096
2.58333
5.47227
4.4465
4.88334
4.00124
5.24938
3.89899
4.25798
2.38431
4.09655
3.07008
4.29288
4.93495
4.6676
2.15347
4.34611
3.22969
3.61055
4.51223
4.82431
4.08196
4.40953
6.01329
3.95744
4.45562
3.31544
4.60245
4.41119
2.74186
3.54262
3.4822
4.95975
3.15986
4.01336
4.20184
4.5139
4.88928
4.53051
3.28128
5.71641
6.4467
4.52014
4.29004
4.31884
3.58228
5.45286
4.64244
4.04119
3.99859
5.57771
3.48047
5.91066
5.45946
5.07633
2.72746
2.8415
2.74646
4.25662
5.233
3.38294
6.12846
4.42471
3.3483
3.60965
5.45463
4.48307
4.22389
3.53331
5.28426
5.03262
4.06595
5.89728
5.30052
2.56236
4.24824
3.81401
3.34811
3.43145
4.52939
3.82264
3.9629
5.23864
4.65194
1.71245
3.82877
3.93822
2.7999
3.86959
4.2711
4.71159
4.32031
3.23325
3.64816
6.52296
3.83109
4.49245
4.01808
2.5157
3.12279
2.26553
3.78705
3.84719
5.35573
5.22975
5.49458
3.09644
3.78961
3.10816
5.40005
4.4756
5.42766
4.48884
4.3526
4.54929
4.39451
3.89727
3.11946
3.7007
2.84282
2.3628
2.36476
6.34253
3.60095
4.55005
5.60268
3.17455
3.71692
4.33249
4.3251
3.21083
3.18398
5.11045
4.61496
4.24542
4.16849
3.15754
4.55554
4.97038
3.72551
5.30864
5.38122
4.20636
2.47449
3.42082
2.44717
3.6599
4.4142
2.33176
5.81466
5.66848
2.21593
2.81531
2.86634
4.78724
3.14934
4.88401
3.81238
2.18275
4.43176
3.94298
5.98775
2.4645
2.20359
3.69386
3.39183
3.28173
5.49775
2.51129
5.10178
3.13781
4.31096
4.9208
3.54498
2.356
3.8892
4.7394
4.40907
2.43469
3.1907
3.03526
4.46009
2.64272
5.77456
4.74069
4.34218
3.51747
2.36821
4.11159
3.63643
3.27087
4.9319
4.26898
4.77266
4.63321
4.67285
2.52242
4.90519
2.79747
3.96202
4.17242
5.0483
3.84816
3.72439
3.73552
3.47591
3.4069
2.76543
3.45755
6.39075
3.48367
4.12186
3.12633
4.26759
3.29595
4.39685
4.11343
3.42955
4.15282
2.3375
4.80205
2.90292
3.16259
4.22077
3.95805
3.31847
2.95095
3.96592
5.54412
2.75263
1.88909
4.27857
4.72009
3.81992
4.61712
3.2586
5.2101
4.28236
4.02139
3.595
3.9289
2.9416
4.4578
1.86016
3.01932
4.23013
6.62254
4.48781
4.40497
3.78094
3.22282
6.45369
3.32042
4.26791
2.04093
3.01194
4.25824
4.99177
4.76985
5.86793
4.98352
3.89831
4.52304
2.93362
2.19376
4.1179
3.51238
5.55235
3.15645
4.17559
3.01921
3.8889
3.28653
2.68852
2.45463
2.80866
4.32794
5.21947
3.55233
7.18367
5.0981
2.39095
5.09395
3.50796
3.26906
3.33345
4.94916
2.22358
3.92096
4.89162
4.81898
4.45419
4.71191
3.77394
3.92223
2.45464
5.31473
4.12343
5.08126
5.61413
5.11833
3.27493
3.94836
3.76087
3.64734
5.05153
3.30291
5.86201
6.10637
3.55258
4.01667
4.74767
3.62841
3.05339
2.39441
4.36071
2.01162
3.95691
3.75352
5.02347
5.08232
4.3019
2.27917
4.65163
4.04709
3.60308
6.04467
4.05274
4.2441
4.9682
4.7817
3.68239
4.03581
3.64935
4.05439
2.77821
4.91498
2.35004
4.16999
4.09517
3.63244
4.43594
3.58594
4.19549
3.14113
4.24504
3.44227
2.89772
3.89511
3.86145
4.54769
5.37143
7.75732
4.85246
4.53637
3.02397
3.45729
4.1197
5.5205
4.74205
3.58372
3.7816
3.83063
4.99172
5.21954
3.61429
4.83622
4.20329
3.73772
3.08104
3.90323
5.20245
1.79769
4.84528
3.86317
2.7834
4.30338
4.82141
3.05834
3.58704
4.68937
3.76806
3.86475
3.41103
5.59583
6.02001
5.00902
3.05213
5.4046
4.38291
3.51128
3.48575
3.47373
4.94297
2.66222
4.64909
4.18465
4.39434
2.17352
5.10786
4.73514
3.47079
4.84947
4.34757
4.39051
3.96499
5.60857
3.68157
4.8514
5.62965
4.2139
4.43376
3.82071
4.26329
5.41237
3.74064
3.33516
3.94919
3.99805
6.20381
2.76878
5.78405
3.44191
4.67397
3.89978
1.16485
4.42673
4.06251
2.89158
3.86624
2.80661
3.39641
5.46697
5.06968
4.04574
4.79552
3.71433
4.25039
4.89791
5.47106
5.01485
4.64981
3.81655
3.221
2.3965
2.99628
3.72343
4.88746
4.03382
4.52188
2.03172
3.19248
4.34484
3.35368
3.63192
3.10465
2.75983
4.7541
3.83487
2.67725
4.57073
4.87683
3.6691
2.72249
3.2121
3.23864
3.02559
5.31936
5.13388
5.4513
4.30365
3.96807
3.82663
4.00054
3.18702
5.21968
3.66105
3.36686
3.81048
3.12163
2.78471
4.39742
3.50457
4.48698
5.07299
4.69296
3.90354
3.00203
3.2468
3.60279
4.13767
3.90735
2.25869
5.47647
1.25126
3.44895
5.67791
3.65255
2.16606
2.3035
2.88533
4.98764
5.73262
4.15665
3.49446
3.39749
2.96459
4.22123
3.60429
3.51783
2.37054
5.28985
5.35601
5.80613
4.50749
4.33075
4.8146
2.82936
2.91039
3.53271
2.85439
2.51548
2.61411
4.0269
3.15676
5.17823
5.04703
3.12496
4.14016
3.98586
4.80007
4.59751
3.98206
4.91814
5.16676
4.81235
4.03059
3.22907
5.08634
3.36027
4.13016
3.69176
2.97505
3.69063
4.75637
2.63804
3.65594
5.113
5.50174
4.04885
0.992504
2.53513
4.36303
3.72817
1.60164
4.99336
3.97844
5.80187
2.7633
5.13001
4.90626
3.75657
4.38405
2.44006
4.13887
4.26872
3.14627
2.74114
3.57581
5.5725
3.99004
4.46373
4.56033
2.82925
1.91033
4.40422
3.3721
3.15242
4.81456
2.14753
6.17627
4.81005
5.3862
3.93899
4.1452
6.28936
4.69743
2.6304
3.07001
4.88181
3.63643
3.53684
3.04048
2.99045
3.8749
2.28759
2.82394
3.7974
4.21628
4.71655
5.23807
4.23683
3.72895
4.46276
4.01228
2.12083
3.70348
1.93926
3.3913
3.77081
3.36168
3.70362
5.0703
4.39087
3.98948
4.06545
2.97816
4.18178
4.03019
3.81641
4.07999
4.59667
3.73159
4.36244
3.08134
2.41072
4.56804
3.93294
4.02126
3.24006
4.35166
4.73502
5.73619
3.02131
5.53947
2.69388
4.3552
5.13254
4.24412
3.20174
3.85816
4.03629
4.23869
4.83479
2.77117
2.26497
3.51436
4.217
3.99516
4.61933
2.68203
2.79692
3.41444
3.086
4.57001
2.93187
3.96133
3.7003
5.01429
2.86876
4.10899
4.08218
3.90175
4.60885
1.72664
4.36604
5.48727
2.64001
5.60221
3.45956
3.23973
2.96247
6.55934
4.24004
3.90542
3.59844
3.70739
2.92725
4.06595
3.96282
2.69732
4.20534
4.44153
4.11879
3.91987
4.16182
3.52391
2.87562
4.94004
2.79083
3.35483
3.18498
3.46067
4.02497
4.23928
3.80231
3.31764
4.08023
4.98448
2.54402
2.49594
3.78067
5.651
2.96481
3.14585
3.86365
3.87839
2.67578
5.03847
3.81753
4.33019
4.84332
4.02478
2.10999
6.11745
2.51503
2.64805
2.95791
5.38978
4.15964
4.07162
2.28733
3.03238
2.54397
3.36296
4.13038
4.21736
2.88462
4.62582
3.64799
3.09956
3.68444
3.00188
4.01326
3.50224
2.52315
4.7476
4.69263
4.78371
3.52352
3.4888
5.92093
3.95205
2.88684
4.8488
4.19572
4.89941
4.48136
2.84125
4.37842
5.52729
5.04668
3.71024
2.87136
5.71088
2.57685
3.82284
4.2471
3.4324
4.6336
5.53818
3.72513
3.61535
4.33339
4.77617
3.93688
3.66598
4.67147
1.76567
4.83765
4.2633
3.33786
3.52974
5.17976
4.56285
5.65657
3.70167
3.53867
3.45991
3.63786
5.10335
5.68611
4.07587
4.04914
4.88828
4.46477
2.56014
4.8268
3.56292
4.18653
3.25572
3.53384
4.82257
5.19824
4.11801
5.4684
4.66618
4.50326
3.00012
5.56397
3.34112
3.58181
4.1759
3.71208
4.71327
5.19531
1.97466
3.67291
3.10903
4.73462
4.51617
3.8868
3.87755
2.63766
3.33768
5.36557
3.68189
2.55356
3.81056
4.03201
4.17392
3.84556
3.69968
3.94482
4.96096
2.60808
5.09187
4.25464
3.24895
5.70688
5.53568
4.17615
5.17793
4.07736
4.37994
4.72556
4.8809
3.44324
2.9787
3.19594
4.27958
2.98579
4.08471
4.39975
3.42085
2.99213
2.68384
5.02738
4.05427
4.29091
5.6712
2.86956
4.27652
2.34775
3.29797
4.65494
3.07678
3.35125
3.38106
1.71779
4.62681
2.54259
4.76658
3.95494
3.0054
5.03107
4.30598
4.63935
4.37529
3.25555
4.07689
5.85197
3.82673
3.66104
5.08824
2.81991
3.30542
2.22414
2.10948
4.92158
3.99183
2.67662
5.62121
3.31628
5.39423
4.63454
2.8108
2.2617
4.18627
4.55562
3.90352
6.25455
4.59792
5.89114
2.34777
4.17868
4.44652
3.17866
4.80621
3.65928
2.92991
3.65267
4.07444
3.9352
2.60121
2.9359
5.27273
3.50145
2.74358
5.45269
4.01342
3.55979
4.83347
2.82564
3.45304
4.25708
4.90697
5.35714
4.40323
2.56409
4.68859
3.82911
6.26339
4.65222
4.35411
3.09531
1.8829
4.35312
0.901862
4.46518
3.18938
3.10152
3.09573
3.17814
3.41922
3.99718
3.2525
4.52152
4.54745
4.84576
2.784
4.92036
4.85511
5.30148
6.16496
4.08731
1.80814
5.50948
4.79941
3.75713
3.83673
3.68085
3.41037
7.39861
3.78614
4.0357
3.85382
4.01525
4.12346
3.56101
3.21871
2.8196
5.04985
5.14411
5.07377
3.33924
5.25829
3.70039
3.95608
5.38639
4.12486
3.97452
3.03145
3.94684
4.76334
4.02896
3.60555
1.89199
4.2323
3.56747
5.6857
5.16839
5.7476
3.11496
4.69957
3.01699
3.91584
5.42767
3.62058
4.27854
3.58144
5.12102
4.41689
3.94987
5.38418
2.59374
4.55068
4.7418
2.54229
3.17098
3.49995
2.59302
4.05407
3.22956
5.04051
4.72005
5.1199
3.54858
3.50119
3.09635
3.63818
5.12425
4.05739
3.83867
5.58311
4.52539
3.89983
3.52309
3.66951
3.99452
6.46702
3.5586
5.25378
3.67138
4.77899
4.49367
5.06058
5.05686
4.18361
4.0731
4.72255
4.02851
4.67567
5.3276
3.24627
3.79992
3.45221
4.54061
4.75619
4.98827
2.40354
5.63693
4.36058
6.10268
4.16347
3.3548
3.15197
3.19369
3.35093
3.66373
3.88931
3.46688
2.84544
5.24897
2.61871
3.0316
5.146
2.87671
3.54128
4.98502
2.93424
4.63754
3.87382
4.32828
3.28435
2.48704
2.57662
2.66868
3.30937
4.1404
4.53203
4.45406
4.61132
3.0691
5.10643
2.8087
3.05296
5.72467
4.05993
4.89005
3.62145
5.75534
6.49255
3.53002
3.10011
3.80382
4.7209
4.25216
5.02242
3.9073
4.9626
4.04642
2.7546
4.15998
4.68338
3.81864
3.29295
4.73793
3.79742
3.17027
4.23899
3.13777
3.30536
4.86273
2.60036
4.65657
4.00551
2.57772
4.50232
4.39871
4.61764
3.30905
3.96418
4.69347
4.71881
3.95061
5.10937
3.40409
2.76489
3.76523
3.40729
3.21813
4.72681
5.70793
1.79906
4.31245
4.12908
4.41558
4.38152
4.43027
4.06719
4.62633
4.16837
4.22333
5.24493
4.8549
4.88802
3.53232
5.31406
3.6225
2.04955
4.25253
2.07496
4.59188
5.16563
2.94167
3.4304
3.80893
3.55768
2.98337
3.88741
4.32946
4.24455
6.01403
3.408
3.36267
3.74701
3.72932
4.64243
4.65977
3.91585
3.76674
3.38855
3.84355
4.4964
1.01743
4.13136
2.318
3.37737
2.8408
6.0972
3.54169
3.39665
7.5155
4.46009
6.45768
3.14745
4.55122
3.72686
5.14068
2.17273
2.642
4.80193
3.65202
5.05116
4.1723
5.58599
3.4908
4.2722
3.73669
2.81912
2.38118
3.76241
4.71399
4.07872
4.20138
3.28562
3.7385
4.26799
4.69106
6.12476
1.13873
5.60181
3.26659
4.87604
3.86295
4.24723
4.6377
3.57426
4.25857
4.75463
4.52437
4.27732
4.70185
3.70268
3.64553
4.44135
3.55062
4.26735
4.53585
3.31656
3.95702
2.85916
4.17597
1.75775
4.92069
4.66424
3.798
3.81475
3.57852
4.08892
4.92064
6.06458
2.2332
3.40356
3.26859
3.22012
3.91004
4.35697
2.88907
3.43547
4.70792
3.31999
4.51313
4.78084
4.25763
4.2108
3.75407
3.4682
4.87825
1.74204
5.89328
4.29964
3.07154
4.26471
1.92283
2.94829
4.60816
2.9981
3.81113
4.79249
3.68485
4.91346
3.94956
4.24667
3.04416
4.61122
4.30851
4.13929
4.14974
3.0934
3.24221
3.20526
4.74236
4.91606
3.60357
3.588
4.48784
2.38561
5.87006
3.9364
5.27101
4.44709
5.19616
2.24643
3.12071
2.8665
5.08487
3.94032
4.66033
1.28605
3.67304
4.07883
2.75755
4.674
2.99654
4.60418
3.71664
2.89433
5.41061
3.87515
4.64721
3.94451
3.06292
4.80463
4.58501
3.35501
4.57038
3.33985
4.91696
2.12081
2.41642
5.98763
3.67304
5.04718
4.17451
4.14708
3.90053
4.18421
4.38413
4.71731
4.47396
2.6918
4.49369
4.94501
4.48469
2.54549
4.76791
2.90992
3.18954
3.48563
1.65012
2.7071
3.58636
4.13634
5.23748
3.57018
5.48502
4.19587
3.07254
4.39498
5.32964
4.9478
4.29751
2.42157
4.75944
6.48393
4.31698
3.2708
5.12878
4.0661
4.19651
6.33118
2.65008
4.05055
3.93273
6.87334
3.65806
3.91115
4.76978
2.17624
3.59024
2.74673
4.46576
2.49526
3.55867
2.4882
5.34659
4.3149
5.57607
4.65399
4.75459
5.67018
3.24456
3.2634
4.12493
4.29444
3.67595
5.08868
2.30677
4.46037
5.39039
3.64951
3.82725
3.40061
4.17974
3.33923
3.1472
3.50676
3.85701
5.89774
4.42112
4.6083
5.11758
6.3643
1.75537
5.10132
3.96528
5.00501
3.52206
4.98885
3.11516
3.44163
4.34887
2.96815
3.48447
3.68183
4.67679
5.85013
4.8638
3.44315
4.57888
3.0682
3.31264
4.34304
4.59157
5.64162
3.1265
3.79918
5.63957
3.19134
3.5968
4.72725
3.83451
6.38426
4.76514
4.29708
5.28594
4.98438
2.86014
5.59943
3.8569
3.72138
5.01593
2.84246
2.10255
3.81679
4.27923
3.77778
3.69708
3.85106
4.91804
3.64737
3.01284
3.79153
3.21131
5.30505
2.86354
5.24661
4.42208
2.76819
1.41746
2.96515
6.13162
5.44304
5.98838
4.66102
4.84995
5.18337
4.72553
3.88258
3.24373
4.01819
2.3539
5.38488
3.61432
3.66838
2.7576
3.69427
5.34455
5.07826
5.27636
2.96122
2.38246
3.39756
4.75415
3.44258
3.79185
3.36773
3.67906
2.62999
2.93463
5.52174
2.56831
3.36927
3.345
2.83886
4.53932
3.49174
3.42999
2.7214
5.60722
3.76564
2.55152
3.09165
4.03605
4.87738
4.08861
4.73329
3.85049
2.32095
1.5038
3.56279
4.80761
3.59315
4.55405
2.21884
3.07365
4.11164
3.71318
4.71849
3.88099
6.11381
5.87042
4.55396
5.15462
3.0001
4.91621
2.47562
2.71453
5.14124
4.69273
3.25107
3.00366
4.55669
2.74061
4.08333
4.56683
2.78738
3.95891
4.44982
3.7941
4.00827
4.63597
0.904606
5.98789
3.22656
3.0733
5.50711
3.31567
4.9255
5.309
4.89884
4.77455
5.54886
4.09384
4.15202
3.01709
5.50966
4.2487
5.94573
4.17007
3.72021
3.96881
3.04995
3.81987
5.83212
4.8255
3.07849
3.4384
5.66622
3.09854
4.54388
1.85976
3.57283
3.60282
4.60756
2.70023
3.40903
4.05284
5.41547
3.74092
6.58028
3.35043
5.45189
4.68366
5.16684
2.60585
3.93265
2.51888
2.94279
5.29071
5.82303
2.31389
3.67714
4.10792
4.47933
3.74872
4.36869
3.47106
3.77982
4.74184
5.3752
4.22236
5.15796
2.43831
3.48817
4.18158
4.95827
2.72762
2.62343
4.80573
4.21835
4.21436
2.63482
4.4006
5.54162
2.33915
4.18733
4.76629
4.7182
5.32733
3.23399
4.67114
3.64827
3.14426
3.83587
3.69036
3.83618
5.14458
4.21615
3.28973
4.58373
5.15637
4.33579
3.78269
4.22751
4.58603
3.09066
2.50098
6.03191
3.49135
2.4903
5.9151
4.95659
5.27699
5.80457
4.4581
1.68652
3.27948
2.47522
4.14854
2.97262
3.72039
4.67554
3.14002
5.04504
4.18729
4.45513
2.69009
4.05263
3.27076
3.75952
3.06516
2.90553
3.21277
3.21307
5.01522
2.54989
3.36419
3.27808
4.13928
5.60025
3.63287
4.17772
3.1705
6.43997
5.43221
3.15455
3.24407
4.66312
3.0519
4.74578
2.27298
3.85812
5.30033
5.04454
3.9602
3.78245
5.26655
4.44793
4.49538
4.75723
2.78048
1.4771
3.88483
4.56062
6.17747
4.66255
3.91695
3.94351
5.82276
4.00887
3.80954
4.60248
5.03974
3.9214
4.01285
3.23282
3.41586
4.32897
5.64325
2.25831
5.12302
2.75024
4.19093
3.63614
4.06654
5.51057
2.96412
3.60388
4.13671
4.60711
3.96985
4.57441
5.15075
5.36918
5.53726
3.40423
2.81988
3.95372
4.03814
4.19502
3.02194
2.86435
5.07546
1.96978
2.65104
4.86157
2.9289
4.92719
4.53608
1.85242
3.41972
4.05119
3.41051
4.05283
3.01755
5.11022
3.52981
3.71609
3.2645
5.05035
5.55211
2.99183
3.29581
2.53532
4.01153
3.39249
3.7517
4.87033
4.14598
5.13437
2.21527
3.89602
3.72366
5.88676
3.85791
4.55294
4.04732
4.85262
3.44528
5.02444
4.78083
4.19869
4.1884
3.10721
5.81296
2.24934
3.63038
4.74418
4.84745
2.5865
2.76212
3.88513
5.04978
4.70907
3.65029
3.28574
3.63605
3.92562
3.01047
2.17534
2.91951
4.90042
2.98585
3.64551
5.72316
5.19723
3.14901
4.34628
3.28825
5.29496
4.05042
3.36004
3.35174
3.90217
5.12338
4.43818
3.14075
4.66323
2.69657
4.31401
4.53483
3.79142
2.90314
3.18145
4.38484
5.27129
2.26863
3.16934
3.41039
3.42735
3.81117
7.05497
3.28195
3.8115
4.25858
5.08762
5.34054
4.64727
3.78839
2.62282
4.70159
3.26932
3.03262
5.48893
3.77451
3.72921
4.19612
3.9764
3.48129
3.49089
4.20989
4.53618
4.32893
2.275
1.70765
4.47372
2.76996
2.43098
4.72579
5.64476
3.5078
5.18342
5.09885
4.98727
4.19709
2.49504
2.62417
4.27043
3.61335
4.79277
4.92068
6.28943
2.89713
3.75582
2.49252
3.6997
4.6961
3.92394
3.11094
3.16476
4.79832
4.16203
3.35276
3.42382
3.6291
3.0957
3.12466
3.27413
2.08109
5.41199
2.00969
2.42117
6.17871
3.30935
4.14895
4.28586
4.89415
3.90319
4.32584
4.03188
4.12518
4.19891
2.60653
3.75796
3.43835
3.72286
2.62581
5.80468
3.1961
3.32266
5.1783
4.38799
4.97726
2.33983
5.20756
3.11952
2.49276
4.43833
3.31302
3.22532
4.22628
3.57536
4.11686
3.52464
3.08782
4.21517
3.47707
4.00699
3.64377
4.03387
4.20938
5.30431
2.5079
4.8104
2.19646
4.59554
3.27997
5.00417
3.42549
4.02528
4.21807
3.91147
3.58877
4.85711
2.14808
4.10454
3.51966
4.32415
4.48361
3.15119
3.67402
4.07974
2.70148
5.09554
4.01374
3.29364
6.23473
4.44646
3.4409
2.00918
4.32904
5.38516
1.75077
3.78854
1.38504
3.32559
4.83219
4.79831
4.87806
3.61957
4.1747
3.27055
4.61677
4.16827
4.10447
2.95176
4.57514
4.76702
2.91374
3.64539
5.86497
4.55483
3.47756
3.31788
4.06431
4.48745
5.07555
4.51234
4.07235
4.83052
4.1749
5.55123
3.79888
4.21578
5.44544
3.10779
4.37225
3.81994
5.09723
5.25601
4.39011
4.88783
4.99291
4.29793
3.46668
3.9745
4.85986
4.5367
3.02796
5.23826
4.39342
4.02053
5.26532
3.3945
3.68159
4.74179
3.84729
1.98516
2.38346
3.27748
3.3925
2.85263
4.6967
4.12099
2.69792
3.79561
3.37653
3.64321
3.10691
4.87831
4.39901
4.68123
4.47668
3.53164
3.04544
5.73905
4.01639
5.12856
4.24026
5.13865
4.90903
5.34402
3.46688
3.35119
2.47124
4.3198
4.43193
4.02197
2.65807
4.76571
3.25344
4.70962
6.18909
3.73969
5.13177
4.00802
4.62223
5.79884
6.13912
4.46893
1.43643
4.75156
4.93052
3.65361
1.90654
3.23161
4.77231
2.76477
3.88226
4.15622
3.52788
4.17771
2.53851
3.75522
3.88168
3.78594
3.38333
3.72928
4.49042
3.81746
3.14355
3.49841
3.82865
3.97961
5.50688
4.5977
4.00459
3.56152
4.23341
4.91828
4.09248
4.38953
3.77171
2.86213
4.11674
3.6313
2.84105
3.02715
3.8434
3.77241
2.78831
3.55714
3.94799
4.57891
5.97382
4.87079
4.67825
3.96554
6.04162
3.52213
4.25487
4.21118
4.1018
3.22267
3.95186
3.14653
4.13338
6.3676
3.7765
4.32475
5.51274
5.11976
5.15292
4.78891
4.57718
2.6708
3.9691
3.02048
4.78805
4.97881
3.83029
2.65824
3.54916
3.2751
3.80717
3.86645
4.65089
4.88541
5.02592
4.62621
3.04369
4.37153
5.42647
4.13227
3.66611
4.66252
4.88943
4.20233
1.50246
3.01674
3.3865
3.40536
3.69324
4.20396
3.97171
5.09487
2.74131
2.34513
3.50567
3.79234
3.55449
5.07396
4.49982
3.84788
4.23193
4.60757
3.79996
4.24301
4.00052
4.68805
5.01637
3.05419
5.93111
3.00877
3.22095
3.78352
4.69063
2.88294
3.96836
4.31754
3.57187
3.80315
3.60268
3.4385
5.21849
3.49327
3.83842
1.84449
5.70017
3.69519
3.85236
2.82848
2.90852
4.67626
5.74593
6.21312
5.72366
2.37273
5.15968
3.36517
3.82515
4.35768
2.69955
3.06587
5.33217
2.32948
3.62963
5.55276
3.48681
4.26182
4.52189
3.49946
4.20438
5.05027
5.63933
3.9885
3.26851
4.36812
3.34377
3.70602
4.04813
5.38647
5.48214
2.64067
4.43819
3.05684
4.06263
4.93944
4.1346
3.98698
5.01385
4.09359
4.03941
2.74866
7.10885
3.37026
4.96327
4.95631
3.60865
5.61317
3.48233
3.83314
5.14507
5.54115
3.66746
4.40917
4.91364
2.0252
3.66233
4.26265
5.24407
3.90056
3.27611
3.61343
3.87514
3.26751
4.50688
4.0857
2.07929
4.51154
4.89874
2.0273
4.8396
4.23774
2.56193
6.55075
5.14141
3.45246
3.47107
3.47012
4.18443
4.08839
4.32591
2.08448
3.87288
2.24222
2.77109
5.45258
4.53724
2.68891
5.09905
4.66104
3.2457
4.72801
2.33763
4.20449
4.04994
3.23494
3.78048
4.67997
3.09076
3.89114
4.7843
5.86739
4.22189
3.23385
3.0586
3.39394
4.23736
4.91107
3.38644
3.75384
2.31176
2.68264
4.93389
3.02874
5.19548
5.7213
4.95979
3.26153
4.8728
3.39179
4.04173
4.81251
4.16968
4.70634
1.47467
3.23418
4.83543
4.85
3.19776
5.46309
2.48889
2.66458
4.91869
4.95
2.88212
2.56127
5.19509
4.96644
4.92929
3.67014
4.20988
4.38051
2.57768
5.27524
3.7363
3.91824
3.60598
4.48781
3.79965
2.18406
4.94419
5.208
2.68827
2.88123
3.1053
2.89875
3.0811
3.11917
3.5083
4.46735
2.97264
4.76282
4.67286
3.51561
3.15862
1.8762
6.13989
5.15913
3.32609
5.11838
4.81596
3.9042
4.52673
6.03439
4.61127
3.78292
4.39545
4.43221
5.05412
5.00766
4.65118
5.77452
2.50228
5.65806
3.21496
2.63167
5.20522
2.4975
5.14997
2.31082
3.74909
3.38291
6.18389
3.48951
3.04117
5.86751
4.8112
3.44439
5.2858
3.63932
5.40789
5.5353
3.30757
5.53431
5.10729
4.00146
4.47315
1.97404
5.01834
2.99483
6.0792
5.17761
3.14968
3.72615
2.642
4.787
2.8867
2.93924
4.84672
4.10236
2.97132
2.51325
3.89787
4.92802
2.85834
5.34565
2.60517
2.37758
2.76677
5.48712
1.88494
4.1736
4.04154
3.4093
4.71432
2.89447
4.10183
3.96673
3.92274
4.41125
4.0804
4.56705
4.00501
3.30203
3.83059
3.44331
4.3812
4.71384
4.49566
3.64307
2.42667
4.08225
3.59652
2.59718
4.84667
4.03821
5.09616
3.73392
4.59463
4.59514
3.31863
4.98665
4.35184
5.25738
5.0583
3.92023
3.30752
4.86713
3.10613
4.89566
4.94597
4.35808
4.17284
6.25512
5.06143
6.1151
2.67846
3.60602
4.40693
4.51212
3.16171
3.5769
3.56768
2.90857
4.68879
2.49724
2.25433
4.69279
3.98199
5.95456
3.68975
3.82799
4.44319
3.59211
3.14445
3.82603
4.80425
4.35262
4.25749
2.09606
3.55065
3.52659
1.66294
4.12223
5.07581
2.93329
4.35814
1.49786
3.74414
3.67713
4.4481
3.67906
4.72278
3.87091
3.86247
3.46938
4.91227
5.9502
3.86255
4.4747
4.74881
3.87498
3.96506
4.99895
4.4227
3.50028
4.7106
3.54419
2.92135
3.15724
4.53327
3.96079
2.16761
4.49697
3.09149
4.15072
3.75458
6.01772
5.5944
