2.76468
2.48581
1.37257
0.356454
1.48757
0.693898
0.87658
0.329744
0.757917
0.863989
-0.00555488
1.45042
0.871907
1.20508
1.3703
2.33517
-0.0168796
0.616946
1.34462
0.973347
-0.33171
2.9642
-0.0734019
1.74027
1.49964
1.60976
0.0861905
-1.32559
2.4423
0.866681
1.95067
1.93959
-0.381989
1.73885
0.225823
-0.250763
-1.12427
1.16904
0.857153
0.139597
1.68307
1.28897
-0.206273
0.0943343
0.550837
0.947075
1.14029
1.38583
1.62312
-1.02515
1.02612
1.81322
-0.0857601
0.605266
-0.117998
1.09617
0.764064
0.132019
1.19402
0.805412
1.78308
1.55354
-0.0317804
0.26423
1.22235
0.624305
0.737632
2.37457
1.44448
-0.711839
1.20279
1.23372
-0.392538
0.503928
0.401838
0.902573
0.346248
3.51647
2.04137
0.0537595
-0.125914
0.759385
1.32214
0.690987
1.49163
2.60024
0.859184
1.12864
1.83676
0.845184
1.54164
1.64588
1.47406
1.57209
0.382424
1.39667
1.96537
1.08968
1.75695
2.99341
1.40824
2.34403
-0.2428
1.99129
-0.0108279
0.320933
0.0336143
1.03229
0.289193
-0.157992
0.372834
0.0823534
-0.0846288
3.24922
1.24385
0.699256
1.76543
0.523823
0.648758
-1.47246
2.30816
0.388411
1.53495
0.585312
0.419616
2.21559
0.503638
0.821746
0.536079
0.961074
1.34289
1.39708
2.7013
1.2874
1.02397
0.816413
2.42615
-0.177686
1.98066
0.164064
1.17927
0.318391
0.215644
0.1185
0.649378
0.240141
0.88041
0.66185
1.33427
0.353491
0.45232
0.748689
1.3575
1.67937
1.06916
-0.733046
0.0109754
-0.884475
0.79863
-0.673748
-0.472561
0.163861
1.06201
0.0900366
-0.287336
0.0334223
1.73181
0.153681
1.69622
0.740009
-1.05867
0.445495
0.682021
0.754078
1.48493
0.596158
1.62127
0.253689
-1.03799
1.71841
1.42016
1.42087
0.905797
0.832006
-0.605017
-0.723753
-0.800731
0.160708
-0.153866
1.09952
-0.492513
1.97924
2.01726
0.912808
3.22403
-0.684678
1.72495
0.660417
2.0907
-0.0496559
-0.465441
-0.0293614
0.424645
1.17172
-0.42431
-0.478617
1.00932
1.12554
0.86552
1.53886
0.90238
1.46031
-1.61878
1.42966
0.21929
0.314558
-0.45215
0.683653
1.42497
1.19881
-0.451309
1.67937
0.254953
-0.318076
1.39885
1.02257
-0.370041
1.9986
2.53525
1.01098
-1.60008
1.5928
1.36136
3.21132
3.3452
-0.769063
0.207902
-0.601967
1.62738
0.689778
0.498708
1.9542
0.906245
0.844071
0.894041
1.06911
2.34095
0.903499
3.23769
1.37588
0.79445
-0.238628
0.502573
0.153871
0.594384
1.66391
1.51303
1.14348
1.54433
-0.274557
0.742329
0.311221
2.47202
1.05211
0.54759
0.0705739
0.935837
1.2237
2.15536
2.40648
0.233562
0.189995
2.8636
2.10186
0.93129
0.0604856
1.3777
0.0688663
2.58996
0.40161
2.61347
1.1615
-1.09284
-0.70353
-0.775161
0.846818
2.14744
0.461539
0.152805
2.48055
-0.674695
1.45453
1.31792
2.6664
1.19804
3.57075
-0.29475
0.767828
1.76963
-0.575323
2.10017
2.4742
2.32049
0.801289
0.626544
1.98746
1.50185
2.08348
2.18752
0.109413
1.9661
-0.10744
1.95373
0.401712
2.11811
2.77386
0.175144
1.62583
0.98961
-0.352397
1.48278
2.66036
0.764495
0.971732
2.43732
-1.50331
0.824345
1.642
1.24487
0.732619
-0.406083
0.520706
0.848125
2.0868
-0.401027
1.19552
1.4495
2.24411
0.982737
0.631745
1.11691
1.15117
0.865232
1.35341
-0.232363
1.1746
-0.146945
1.67343
-0.730496
-0.290095
1.38493
1.25586
0.208252
0.417734
0.131203
2.26549
-0.571975
1.22687
-0.177141
1.86563
1.73787
0.571012
-0.425715
0.514745
-0.531606
2.82588
2.75589
1.05269
-0.963559
2.0176
0.572924
1.55728
1.25071
0.498888
-0.474421
1.31692
1.45129
-0.248339
0.897276
-0.0852191
0.226762
0.240476
-0.781359
1.41595
0.439822
0.852756
1.55532
2.74031
-2.05785
1.4934
0.951928
2.15833
0.473446
3.51337
2.37565
1.83175
0.146265
1.86931
0.730245
0.335227
1.41666
0.961871
2.40803
2.19707
3.20137
1.7357
0.570672
1.10191
0.150325
2.18958
2.43673
1.13209
1.57756
0.525475
0.604793
2.27725
2.44257
1.55787
0.399338
1.52206
1.75638
-0.903422
-0.821577
1.98595
0.706811
0.837778
0.431463
-1.61077
1.54142
0.624683
1.96696
0.785455
1.50847
0.458204
0.700483
-0.399295
-0.0998661
1.72556
1.65775
2.51449
1.09741
0.45215
1.03182
1.91869
1.21701
1.25353
1.24437
1.06246
0.822338
-0.245816
0.646931
1.30802
0.770505
2.26044
-0.143228
0.758196
2.35248
2.67997
1.79843
2.10899
0.622543
0.620747
2.04694
2.4432
-0.615924
0.701126
0.634483
0.0558032
-0.343688
1.15121
1.58146
1.67696
0.972749
1.30807
1.07519
2.44384
0.922347
0.557374
2.88357
1.49752
1.99339
0.979059
-0.200065
-0.879942
0.23389
0.476218
1.51567
0.0415469
0.691911
1.27003
0.648469
0.253258
-0.00450399
3.34935
0.94352
0.883593
1.24108
2.13335
-0.016962
-0.0497846
-0.762539
0.754365
1.84541
0.770251
1.22523
0.817877
0.165077
1.67352
-0.125458
0.791674
1.52914
0.413738
0.627834
-0.524372
-0.959775
2.34995
0.229371
0.304255
2.63659
1.96788
1.88554
2.46243
2.54754
1.0015
1.59628
2.11526
1.2854
1.46509
1.06718
0.503765
1.54097
0.445504
-1.36968
1.59338
1.08481
0.177342
2.84939
-0.359383
1.5667
0.833909
0.488764
3.09791
0.917916
1.83477
0.398021
-0.205344
1.48519
1.31402
1.80026
0.251061
1.18523
-0.977879
1.8145
1.63349
0.676935
2.33568
1.83438
0.282888
1.92249
0.763336
2.0249
1.00391
1.90072
0.148659
0.82444
-0.416481
-0.770113
0.195388
1.09719
-0.685159
-0.0358048
1.06722
1.8948
1.95898
2.0523
0.05667
2.50971
3.08861
1.50227
0.5985
0.302029
-1.91279
1.12421
0.748875
0.765876
1.5635
0.932921
-0.162277
0.0995688
2.30971
1.40453
1.65891
2.26666
0.587411
1.00143
0.982319
1.05803
2.95795
0.722639
1.02756
2.37264
1.16017
0.187234
0.357522
1.40735
-0.428183
0.911292
1.24125
3.37368
0.896644
1.20715
-0.385743
2.11761
1.07552
0.875711
0.944574
-0.0486624
0.864913
0.756424
0.245828
2.04473
0.097701
2.11811
-0.960006
1.55532
1.22779
-0.982028
0.950015
1.95745
2.11527
1.9796
2.79602
2.83848
0.514357
0.572143
2.28823
0.358167
1.76134
2.52991
0.905229
1.48194
-0.102697
1.48097
1.47142
1.4642
0.976509
-0.244199
1.46993
0.183735
2.55263
1.46712
3.12299
2.24836
0.723079
2.9283
1.78164
1.86132
0.962981
0.352466
0.76746
0.579182
3.05092
-0.384179
0.0312989
0.245671
-0.498147
1.47475
-0.451364
0.894435
-0.953616
1.19044
-0.444741
-0.1215
-0.407619
1.45359
0.882118
1.29838
2.53282
-0.39615
-0.811117
1.57847
2.03994
0.632835
0.833863
1.0706
1.27722
1.03383
0.786553
2.22765
1.97315
-0.629688
-0.636465
1.79054
0.973225
0.839422
0.733988
-1.91682
0.511251
1.09737
0.0465293
0.591122
0.894792
-0.0146487
-0.386817
1.30382
0.941571
-0.860999
-0.245359
2.4361
0.103058
-0.44671
0.80876
1.43491
1.9932
0.770664
1.4039
1.482
0.951873
1.85553
2.36719
1.33055
2.13317
2.28205
1.85266
2.42109
0.888302
2.82091
1.47728
1.42337
1.64441
-0.752963
1.86799
0.525863
-0.385542
1.55058
1.95018
2.52654
-0.930347
1.82725
1.18559
0.834377
-0.662177
0.0497339
0.888952
4.47141
-0.621925
1.17454
-0.0328137
1.58036
2.05096
1.32995
1.29391
0.421728
-1.4302
2.33302
1.45295
-0.557351
0.818007
1.22343
0.40074
1.3215
0.485175
1.25335
-0.0649909
1.16498
1.07388
1.77828
1.34664
0.933256
0.444646
2.02485
1.22071
0.8177
2.41892
2.37134
0.116201
1.92087
2.3638
0.452666
0.780238
0.222065
-0.7288
0.462967
1.42751
2.26278
0.605052
2.56534
0.99681
0.945856
1.09036
0.863041
0.206547
-0.120206
2.36145
2.44439
0.601487
0.189495
-0.390781
1.97404
0.827382
1.2219
2.30383
-0.985335
1.04546
2.11965
0.171269
0.873152
1.21562
1.5018
0.342349
1.03115
1.22922
-0.30962
1.27149
1.10326
0.45579
-0.35005
1.42698
0.41998
-0.85362
1.48233
1.39146
1.84161
0.503085
1.43798
2.28333
-0.184409
0.241953
0.238823
0.445141
1.04472
1.39114
1.45473
-1.42861
1.55853
1.93481
1.21486
-0.865885
-0.0386339
1.60299
-0.366219
2.29061
1.97811
0.577766
1.13298
2.0513
2.38377
2.54716
0.831151
-0.40182
3.47381
1.54973
1.57762
1.43406
2.47905
2.31254
2.47989
1.30812
0.425202
1.44381
1.7792
2.14705
0.232229
1.11316
0.849245
2.25388
1.03733
1.70441
0.253867
1.59934
0.611225
1.42628
1.26923
-0.795375
0.689925
0.769152
-1.2345
1.01457
0.284828
2.17767
0.0247932
1.40801
2.94492
-0.418764
2.03835
0.00815322
0.631174
-0.655505
2.18603
-1.86733
1.24891
0.833172
1.53206
0.763966
-0.0043799
0.863226
-0.378375
1.46511
1.77157
2.95878
-0.116843
3.9343
0.0388702
0.962062
1.33537
0.653783
1.84877
0.392708
0.776968
1.81219
1.39064
0.903177
-0.00415556
1.66688
-0.630028
1.71047
-0.628305
0.949578
0.888789
0.966659
1.88393
1.79249
0.892234
1.71903
1.32403
-0.388833
2.07556
0.738861
1.11524
1.11252
0.252252
0.122345
0.392689
2.6398
1.62658
0.0829616
0.622676
1.22475
0.98841
0.27992
0.315121
0.671198
0.425028
1.37635
-1.66214
1.96495
2.68306
0.151809
2.76976
0.515516
1.80947
1.16771
1.34275
0.572929
0.97877
2.35065
-0.109938
-0.789839
2.10515
0.761041
0.0821982
0.704438
2.06398
0.878601
0.367333
-0.285707
2.63635
0.918334
2.62318
0.403383
2.31138
-0.197647
1.38665
1.33718
0.584599
0.282166
1.56254
-0.148934
0.201238
2.14764
0.903798
1.1805
1.23793
-0.978626
1.63968
2.22275
0.578313
2.72897
0.565809
0.81191
3.0668
0.68612
-0.489432
1.67585
1.44066
-0.620718
1.1942
1.62352
0.92751
3.12388
1.44091
0.548879
-0.675056
1.90473
0.392473
1.00162
2.10114
-0.385229
2.72229
0.109692
-0.309005
0.326683
1.53238
-0.647965
-0.162629
0.0179511
0.809572
0.36162
1.34209
0.241967
1.31612
0.899705
0.234322
-1.51122
0.844827
-0.489649
-0.175805
0.594146
2.37172
1.75501
3.01518
1.62491
0.453971
1.68747
1.16921
1.10734
1.56327
1.57793
1.45704
0.935768
1.51311
0.764773
0.100564
1.64033
0.562026
0.950748
2.40925
1.83617
1.31431
0.29298
2.84407
0.549643
0.910162
0.240869
-1.00902
3.22362
0.238274
0.758165
1.95955
0.265676
0.0371469
1.38486
1.38641
-0.196179
0.476133
1.14534
0.756627
1.93731
1.57704
0.233455
2.05977
1.13844
1.14576
1.63684
2.66053
0.784014
0.0898967
0.44035
0.131656
0.486264
1.62527
1.42313
-0.094187
0.882754
0.880542
2.87005
1.36628
0.408538
-0.138157
0.774794
2.64255
3.11219
1.01946
2.74292
0.321084
0.180564
-0.17713
1.09283
0.641606
0.223918
1.90808
1.58328
0.105811
1.48387
1.30988
-0.122861
0.1511
0.56034
-0.226622
1.04312
1.41653
1.32426
0.44136
0.0305259
0.812747
-0.383718
0.142163
1.39643
0.803014
0.481612
2.18481
-0.528333
0.814584
0.391913
1.13793
1.20881
0.616234
0.263963
1.01518
-1.79685
1.65986
0.675559
1.72868
-0.566643
1.47206
1.56813
1.03252
1.96868
1.00719
1.48554
1.93198
2.59929
1.52177
0.784512
0.479432
1.52379
1.78859
1.33862
0.727419
1.10594
0.309346
0.46165
1.73303
0.862539
2.96548
1.95544
-1.33221
-0.11345
0.357143
0.826337
0.00348118
-0.714825
3.0203
-0.0210057
0.778982
-0.0412435
3.19848
1.10571
-1.28338
0.280748
0.0864849
0.641734
1.345
-0.853064
-0.675599
-1.53078
2.18584
1.73315
1.44983
1.23308
0.486727
0.500935
2.41036
-0.315542
0.813025
2.3916
0.893686
2.33602
1.73852
1.53163
-0.545409
0.0839189
0.554534
1.67916
1.69102
-1.62999
1.34196
-0.11658
1.87516
1.12277
1.87912
-0.697714
1.0866
-0.666028
0.157011
0.0354995
2.51738
0.736021
1.74699
-0.930576
1.44911
2.24815
2.06015
1.38055
0.951406
0.295985
-0.472461
2.19891
2.10125
1.44324
0.639139
0.944993
3.42612
-0.444072
1.38018
1.36889
1.31717
1.22505
0.943757
-0.451652
0.124834
2.20226
0.851532
0.342445
0.0131135
0.0241169
1.09509
1.45753
3.06918
1.45743
0.395605
1.99575
1.69161
0.707419
2.56465
1.53343
-0.642698
2.20004
0.0541641
2.19534
0.204286
2.59928
1.01099
2.75818
2.61063
1.43619
1.38689
-0.957309
0.321147
0.153198
2.08127
0.912296
2.57031
1.93475
0.728825
2.60108
0.489229
1.18178
-0.287491
2.83399
0.949621
1.08919
0.0565827
-0.279058
1.34948
-0.358152
1.16369
1.18811
1.9384
0.634879
1.2361
1.33891
0.821677
0.789002
0.861183
-0.699641
3.37932
1.12646
-0.143194
-2.36958
2.22694
2.6818
0.352534
2.55299
-0.321603
2.32016
0.686902
1.10862
0.0681362
1.13557
1.36724
1.50011
1.99842
0.550622
0.133135
0.562308
-0.908063
0.709145
1.88121
-0.590038
1.60718
1.13875
0.764172
0.696501
-0.122063
2.17654
2.65633
0.69492
0.808468
1.27296
1.72549
0.915923
1.78543
0.683008
0.341474
0.140659
1.40907
1.36562
0.508144
0.41343
2.75894
-0.29026
1.08403
2.69732
2.02958
2.0578
1.02616
1.95788
-0.134151
2.70831
2.10015
1.58949
2.24895
2.98578
0.918688
0.284828
0.842962
1.16108
2.62266
1.90201
1.36453
2.26673
0.0727815
0.410335
0.414755
1.23156
1.57516
0.644821
0.603632
0.727608
1.27727
0.678733
0.225178
1.19673
0.488649
0.543067
1.48998
1.63407
0.0961307
1.93016
0.346385
1.85621
1.31551
-1.16444
1.01063
1.9773
2.04817
1.05015
-0.238835
4.37313
2.66077
2.03498
0.574817
1.21372
1.66398
1.06599
-0.365673
0.530577
0.0888383
-0.117483
0.927085
1.08872
0.92728
1.9129
-0.0924885
-0.0805325
0.64105
0.395405
2.20775
0.267525
1.49335
1.78811
1.93574
0.53348
2.56809
2.84242
2.17882
1.55878
0.656509
0.939574
1.52977
0.316459
1.6323
2.39693
0.243338
0.446587
1.88039
1.07371
-0.620073
-0.57517
1.46624
0.255491
1.68556
-0.139845
0.826091
0.40379
1.49542
1.79232
0.543604
0.954908
2.17663
1.51472
-0.019929
0.85262
-0.509902
1.66968
0.105521
1.47129
-0.299932
0.964874
1.47748
0.194724
0.282577
0.417161
1.20154
1.18393
-1.32078
1.08525
1.36048
2.85601
2.48552
-0.468933
0.823508
0.400348
1.00181
0.7774
2.73795
0.260729
0.0568794
0.0151912
1.25915
0.771612
-0.977995
0.56624
-0.826211
-0.451465
2.41845
0.449634
1.76074
0.646488
-0.161415
1.47015
0.419834
0.140073
-0.24052
0.729161
2.22105
1.72304
0.217866
0.64698
3.18428
2.18034
1.04889
-0.0670596
-0.728768
1.77709
0.818486
0.978502
1.67419
0.441337
0.721439
1.1618
1.54748
0.707272
1.16751
0.372095
-0.308286
0.28199
1.05419
1.03884
2.77969
0.983676
1.52584
1.79698
-0.836653
-0.745006
-0.525579
1.08779
0.253163
2.1286
0.416657
2.33397
1.12924
1.1696
1.5194
0.241175
1.41545
0.482636
1.91282
-0.359475
1.65115
3.7936
-0.506335
0.389847
1.11667
3.71792
-0.294383
0.901607
1.33546
-0.766939
2.32296
2.93049
1.8428
1.04971
0.372007
-0.436216
-0.100609
2.60509
0.387998
0.0860529
-0.376137
0.292022
0.325512
0.437918
0.813815
0.485079
0.838406
1.33957
2.80749
-0.421578
1.27417
0.141062
0.81311
1.82257
1.42781
1.61248
0.550589
1.18236
0.411194
0.0365672
0.540362
1.48111
0.00456264
0.508185
2.53226
1.48487
-0.278506
0.335133
2.63447
0.409189
1.10976
2.19672
2.64104
0.303238
0.51524
0.373596
0.558831
0.666074
1.16934
2.34574
1.89132
-1.14914
-0.774343
1.85479
0.79934
1.17072
0.646296
1.33597
0.679341
0.334109
2.08618
0.970703
2.14208
1.11403
2.48914
1.45113
1.99004
-1.22167
0.489621
0.153558
1.4217
2.75669
0.0423601
3.40252
2.32308
0.368316
2.29169
1.02213
1.3101
0.044253
-0.404342
1.33818
0.252711
2.38553
0.728119
1.27072
1.35806
1.92836
-1.21623
0.682302
1.8191
0.759229
3.04848
0.22693
-0.644238
1.13665
2.55479
-0.498342
1.03717
2.54365
1.25592
0.950387
1.45695
1.19252
1.81224
-0.00623218
1.07101
1.98769
0.752937
-0.0811403
0.396081
-0.132478
0.780078
0.147678
1.57405
0.951211
2.12572
3.24077
1.44077
0.893658
1.77012
3.69328
0.145885
1.0427
-0.3844
1.1071
1.13986
-0.0743424
0.0703976
1.46244
0.598646
0.298978
0.900729
1.6167
1.98809
0.64113
0.366457
0.290302
0.380095
2.89124
1.80292
1.02632
0.0365415
0.994154
2.36167
0.585555
-0.138325
2.60653
1.48288
0.433984
-1.35236
1.8971
2.10204
2.00871
1.55594
2.15413
0.535575
2.1676
0.437664
0.795264
1.62862
1.57755
1.29894
2.24264
2.67308
1.91848
-0.928459
1.16644
1.11407
2.33935
-0.530434
1.76863
1.67942
0.807153
1.52529
1.94853
1.02917
2.09735
0.52671
-0.378552
0.589228
-0.302177
1.49084
0.0410789
2.82448
0.138174
0.37302
1.03685
0.545979
-0.768962
1.89356
0.778119
1.10271
1.8065
1.25179
0.974219
0.68818
0.872374
2.53901
-1.66658
-1.25415
0.593362
-0.54054
-0.267828
0.975282
0.403594
0.877038
0.437281
1.39546
0.714396
1.48674
-0.413857
1.14514
1.02642
0.734621
1.61061
1.32264
1.08241
0.238485
0.618302
2.04868
2.45717
0.694806
-0.112628
2.24842
2.77901
0.977401
1.42886
0.984548
2.38624
-0.26909
-0.422235
1.58322
2.29467
1.86413
-0.877929
-0.108596
2.43718
-0.191484
0.983543
2.34177
2.73967
1.18351
-0.0442492
0.165484
0.974614
2.32485
1.2606
1.03249
0.35061
1.78131
-0.864448
0.858439
-0.0630902
1.86515
0.752393
1.2488
2.52112
1.81654
-0.0284948
2.18885
0.0563153
2.25229
3.41604
0.373767
0.808684
1.73097
1.02454
2.18447
1.95324
-1.17914
2.44746
0.0668087
1.62996
1.78929
0.48798
1.02363
0.553219
-0.397769
0.218255
-1.2629
3.12761
1.99729
-0.65251
1.97911
0.41896
1.33891
1.27528
0.645148
1.99816
0.407621
1.49847
2.1058
2.11852
2.18736
-0.339612
1.82097
0.555205
2.58946
-1.02855
1.42208
1.10216
2.31194
1.26517
0.439791
0.501978
2.11229
0.455121
3.14697
2.23248
0.308198
-0.0924498
1.28464
1.67558
-0.210866
1.81746
1.54564
0.276707
1.03228
-0.914146
-0.149765
-0.334951
0.228238
1.94121
1.31139
1.43971
3.19144
1.70848
0.704813
0.855758
0.286333
-0.554923
0.624707
1.4522
2.01272
2.27514
-0.666549
-0.0095296
1.55034
1.79332
0.0405158
0.817574
0.51423
2.37683
0.892002
0.260716
0.0105463
1.34494
0.772047
0.976648
0.985556
1.3699
1.16446
0.923148
1.55511
2.56287
0.541982
2.05269
2.39012
0.953394
2.30939
1.73806
0.933008
0.65617
1.19719
1.87558
2.45446
-0.76564
1.05165
-0.1392
0.217336
0.517018
0.850108
1.45891
0.852311
-0.0948041
1.11355
2.22947
0.321391
2.1931
0.666311
0.816883
2.23024
-0.994632
1.40306
2.37707
0.931453
1.37908
0.454263
1.55908
-0.198505
0.199034
1.84374
0.473613
0.636214
0.969312
1.28028
1.59182
-0.412953
1.98913
1.16625
0.295521
1.17512
1.02777
0.723673
2.06429
-1.61513
0.759742
1.89937
-0.611996
-0.116669
0.43687
1.62367
1.47615
1.76852
2.75797
-0.708105
1.45229
0.0490595
1.20605
0.746833
1.54951
1.14695
0.419719
0.769686
1.72422
2.30341
0.737786
0.670803
0.107177
0.504494
1.5156
1.04394
-0.398217
1.15533
-0.472992
0.817037
1.57836
2.29011
-0.23486
-0.133169
1.33642
0.043906
1.5427
-0.161383
-0.469833
0.592318
2.35651
2.37023
1.60968
2.61442
1.62219
2.10026
1.85154
-0.468597
0.600671
0.681425
1.81204
0.57158
1.26048
1.92459
1.75125
3.14488
1.69737
-1.00675
1.33459
0.844602
1.02544
-1.4502
0.79995
0.367523
1.16785
-0.167934
0.582148
1.20334
0.971151
2.04266
1.10178
1.19754
1.05295
1.32749
-1.05308
1.93606
0.0948722
1.17034
1.71333
0.878836
-0.148
0.51976
-0.493373
1.46067
1.06851
2.77671
1.15921
0.62916
0.859009
0.455256
-1.26014
0.971129
-0.46724
-0.16774
-0.524928
1.24207
0.520979
1.42451
0.699918
-0.293297
0.897286
0.313045
0.688092
-0.496194
-1.06031
0.237013
0.677241
0.835432
2.50259
0.606567
1.26896
-0.161885
1.17983
0.611154
-0.00416181
2.05096
-0.112886
0.872627
0.256136
0.766214
2.5997
0.302642
1.07314
1.62156
0.560456
0.81951
1.46869
0.112034
1.48244
0.672696
1.49625
-0.0570825
0.826693
0.801874
-0.42099
0.437038
1.49709
0.266888
-0.179538
-0.491788
0.0489223
2.30388
1.18308
0.866699
0.343708
0.783081
1.65913
0.784589
0.797913
2.26166
0.522728
0.496287
2.26655
1.10179
1.79249
0.982412
1.47922
2.59272
1.54244
1.2627
-0.269398
2.15682
2.15792
-0.779515
0.975793
2.19565
1.82189
1.77479
3.05112
0.0200886
0.867076
1.6528
0.690706
0.51847
1.84378
1.6502
2.6715
0.775728
1.06575
-0.404149
0.0431159
1.41705
1.4037
-0.380059
0.972308
0.494399
2.04632
-0.62928
-0.905484
1.64375
1.6885
0.245902
1.33462
1.86504
-0.153505
1.09958
-0.943924
0.884108
0.218705
1.76166
-0.349271
0.133257
2.1299
1.05205
1.94108
-1.10889
-0.207724
1.48067
0.84588
1.51794
1.64019
0.844432
-0.510276
0.0493432
0.886087
1.01504
0.820557
0.814317
-0.400807
0.581423
1.216
2.29264
2.49897
0.903693
1.79382
1.89631
-0.256844
-1.08533
0.48372
1.48467
0.121714
0.89129
0.713607
-0.0785179
0.0857652
0.171995
0.726081
0.164586
1.53584
1.95927
0.757193
1.16882
2.87287
0.92843
0.684382
0.12743
-0.308106
1.58607
0.344367
0.6497
1.25138
0.838827
-1.46397
1.57085
-0.840956
0.835521
1.94044
-0.193885
1.06052
-0.255084
1.67933
1.48618
-0.125426
0.336546
0.331033
-0.221927
1.638
1.06963
0.889399
1.31231
-0.658456
0.81608
2.65717
0.176872
1.22428
1.70456
0.781796
1.48593
1.17328
-0.111219
0.587707
-0.039716
0.849058
1.6635
3.25673
1.17455
0.0574169
0.720022
-0.0916588
0.54391
1.73724
2.07436
2.06032
0.23982
-0.357963
0.862419
1.28019
-0.496953
0.435044
1.92013
1.06366
0.362837
2.99603
-0.661158
-0.394757
0.916251
0.77195
2.37923
0.028593
2.30352
2.50042
1.98217
3.21043
-0.525604
0.232847
2.00126
2.1662
0.973954
0.57058
1.39549
1.21261
0.464969
1.89832
0.195441
2.45342
0.735578
0.132951
-0.800875
2.14744
0.688823
-0.127317
1.70916
-1.57568
1.50815
-1.00681
0.12514
1.64741
1.71391
2.84561
0.507292
1.45966
0.853511
0.275897
-0.314528
-0.0308179
1.12509
1.32969
0.87471
1.29429
1.90515
1.89611
0.979945
-0.149515
0.759153
0.154177
3.34181
1.04244
1.96064
1.84362
0.17244
1.57052
1.14238
0.217683
2.78762
1.20896
1.88474
0.552011
0.644939
0.760489
1.31386
1.62523
1.62937
1.92582
-0.1387
-0.450028
0.558909
0.28343
1.15848
1.36357
1.58429
2.14982
1.82113
1.05172
1.42648
2.13759
0.442709
-0.48026
1.32951
3.22074
1.74696
1.67133
-0.450504
0.856869
0.500337
2.29663
0.48382
0.00957783
-0.292976
1.98309
0.706539
-1.75902
0.523957
0.656795
1.10741
1.33675
0.714025
0.233348
1.89095
1.82567
1.31048
2.45732
1.60299
1.5691
1.86397
-0.258052
1.1679
1.49746
-0.704482
-0.845641
0.255
1.47655
1.18805
2.06115
0.185538
2.3619
1.25838
1.23736
-0.140063
2.2423
1.21058
-1.03377
-0.284702
2.00524
1.54909
0.790588
2.04792
-1.01974
0.491325
1.06617
0.0087227
0.748931
2.17595
1.8541
-0.0368015
0.886432
1.20518
1.16354
1.69943
0.353983
0.795425
-0.453525
2.28938
2.46341
0.245214
0.530394
-0.114886
0.914938
1.68861
2.56515
1.46595
1.90081
1.10522
-0.315951
1.77581
2.36624
2.12957
1.84999
0.567537
-0.834613
-0.131271
0.807367
-0.000317016
1.30194
1.92279
0.919566
2.42747
0.764514
0.0691095
0.241704
2.08287
3.20901
2.04609
1.57346
1.68994
-1.28751
0.349154
1.0431
2.3023
0.625398
0.316614
0.232407
1.41916
1.51288
0.660438
-2.3933
1.23511
-0.387424
2.25382
0.607341
0.260593
1.40804
0.987644
-0.217115
1.01984
3.03055
2.11865
2.56463
-0.0388561
0.0951485
-1.50384
0.95743
1.1414
1.10787
-0.220727
0.49215
0.733661
1.60347
-0.137145
2.85224
-0.996947
2.18482
-0.211913
0.964088
1.90587
1.87913
1.19908
1.93633
0.249616
1.60805
0.739379
1.23938
0.627891
2.57736
-0.12948
1.66273
0.401072
-0.523257
1.43268
-0.391375
1.82815
-0.559739
1.06802
1.90014
0.920672
0.834105
0.428433
-0.349471
1.47944
2.3652
-0.217802
1.61667
0.0451802
0.0113779
1.55237
2.119
1.11728
1.19299
0.85014
1.7046
-0.561081
2.88344
0.393063
0.303507
2.25809
0.927871
-0.077012
3.61084
1.09785
3.49073
2.13505
0.311329
2.25383
1.40576
1.97641
0.321066
-0.439
-1.34578
1.17808
1.2075
-1.57583
1.66131
2.36852
1.68467
2.28393
1.26225
1.46483
0.0918748
1.59585
0.510149
-0.052565
0.762002
0.705335
0.922954
0.930093
-1.19945
1.48555
3.13296
1.8532
1.77546
0.88291
0.489025
0.761379
2.19709
1.49226
0.450359
2.82849
0.962837
0.935553
0.985804
0.991084
2.10011
1.0587
0.50117
0.370831
0.610822
1.77428
0.780658
-1.04275
3.22348
1.64812
0.106881
2.30629
-0.0383893
1.48301
0.981197
1.62012
0.737956
1.83084
2.08707
0.822605
0.189733
2.10043
1.62977
1.54826
1.24558
1.59425
0.719182
2.16366
0.129781
1.88417
0.226813
1.17919
1.25809
1.77482
2.38981
0.554945
1.14141
1.02124
2.10826
1.15733
0.243554
0.778473
0.956493
-0.575031
-0.363887
0.955516
2.33929
2.63938
1.4631
2.17332
-0.720567
1.6145
1.15242
-0.175701
-0.32453
0.509627
0.464596
2.21788
0.642285
0.272567
1.36195
0.0592746
-0.591364
1.68346
-0.906228
-0.455339
0.0529698
1.20909
1.46605
0.981805
2.13518
0.687193
1.1525
1.23469
0.821563
1.47133
0.313399
1.34302
0.461554
2.05518
0.956978
1.10983
1.0181
0.152623
1.84713
0.610441
1.94891
0.269899
1.80876
1.27059
1.06925
0.409022
1.20559
1.07383
0.0135996
0.95132
0.422994
1.85377
1.74229
0.545874
2.44428
0.125336
-1.05344
0.180486
0.0683338
0.462736
1.27302
1.25215
-1.18583
1.72751
0.81799
0.136473
0.704345
2.02479
-0.521144
1.22948
0.381253
2.10545
0.879687
0.868599
-1.02889
-0.644517
0.990875
2.09476
2.16246
2.0409
-0.665794
0.873361
0.579522
1.29342
0.2463
1.14958
0.761985
1.4983
-0.648489
0.963505
-0.877074
-0.553076
1.34313
0.039517
0.309065
1.56121
0.534326
1.14033
1.57122
1.18655
-0.303026
0.653743
2.26238
1.9227
0.48356
1.4582
-0.981498
-0.747177
-0.169881
1.54453
2.70808
-0.636679
1.2202
1.55899
2.16449
0.91316
0.185658
0.809086
0.175916
0.430137
2.696
0.633057
0.358652
0.792505
0.276579
1.96956
1.67532
-0.0119534
0.8198
2.326
1.56827
-0.0563709
-0.0860644
1.87119
-0.0869589
-0.465483
1.60513
0.99852
-0.274214
2.27345
1.92251
-1.04187
0.268965
1.43391
0.462034
0.998478
0.761256
0.140096
0.180698
1.22807
-0.0997947
1.0226
0.279405
-1.94746
-0.562845
2.18011
-1.01861
0.801348
1.45053
0.159788
1.10879
0.463718
2.08897
1.58948
0.831371
0.313926
1.04521
1.69154
1.19761
1.04525
1.05453
1.15234
0.940174
1.05045
2.58985
0.879877
2.35313
0.822224
0.744353
-0.785651
1.01967
0.911317
1.512
1.24282
-0.191294
0.245897
2.18164
-0.545657
0.0431752
1.3002
0.145151
0.282145
0.130091
1.49548
1.54958
2.01275
0.489555
0.716797
1.98028
1.64172
1.90315
-0.132662
-0.131314
0.207392
0.0653477
1.01113
0.730434
1.82955
0.784893
0.255675
0.883647
0.154317
1.35139
1.68531
1.2032
1.6871
0.42237
2.70962
0.503849
0.717944
-0.270346
1.50711
2.90986
-0.615622
3.53678
0.433415
0.155566
-0.653379
1.32067
0.851959
0.880736
0.128798
0.802562
2.85018
2.02972
2.03288
0.961585
1.04947
0.61632
1.22396
1.72629
-1.03633
2.2196
0.583542
0.81801
1.63405
1.41608
1.77273
2.98544
2.02697
2.23806
0.846225
0.326174
0.972497
1.12224
-0.879903
1.90096
-0.298894
1.18817
0.238155
1.59632
0.809092
-0.139436
1.15411
1.21391
1.69742
1.32238
-0.303908
1.0108
2.11469
0.548798
1.38029
-0.333609
1.01614
2.0979
0.43718
2.12974
0.777639
-1.13769
1.17608
0.312463
0.936568
2.10225
0.36345
1.03488
1.09124
2.23106
1.31253
-0.221732
-0.21582
1.63093
0.545867
0.858546
1.63311
1.4951
1.54464
1.38639
-0.226738
-0.518114
1.28825
3.35266
1.12309
1.86118
1.17382
-0.376855
1.46104
0.666128
0.184838
0.416758
1.82317
1.22117
0.353698
0.545789
2.45623
0.9911
-1.62104
0.0813251
-0.209027
1.49671
1.4877
0.812745
2.08253
0.100813
-0.454951
-0.311613
1.59252
0.419047
0.553908
0.82236
2.23814
-1.08491
0.802699
1.25167
1.21836
0.096183
0.891426
-0.0530704
-0.646557
-0.362112
2.31816
0.59235
0.328233
-1.39485
-0.133259
1.98098
0.720137
2.4032
1.21924
0.300411
0.09588
-0.764905
0.364452
2.63432
0.353079
-0.969053
2.43095
1.40772
0.555329
1.14951
0.866262
1.20571
1.17636
0.99229
1.01856
1.54584
1.4454
2.11581
0.606671
0.153618
1.00742
0.116936
-0.540431
-0.974467
1.37674
2.64831
1.91176
0.184871
1.4299
0.780793
0.427205
0.500462
2.03033
0.577904
0.923857
2.39284
1.76999
0.529719
0.86217
0.285582
-0.527683
0.599781
1.27575
0.196286
2.44882
2.16613
0.39435
1.70035
0.551587
1.05341
2.65174
0.545615
1.9698
0.351709
0.582283
1.79458
1.89693
1.75194
0.335644
1.83295
1.17891
1.45029
-0.287214
1.22756
1.31372
1.62795
1.32504
1.38965
1.01711
-0.649674
1.09161
1.10841
1.75066
2.47201
0.890643
1.7244
0.435388
1.29142
1.04237
0.744265
0.791866
1.63915
1.61812
-0.283622
1.27566
0.490033
1.17966
2.3936
0.821364
1.00485
1.09012
0.432486
0.8393
-0.151211
1.10259
1.39952
1.92081
1.57962
0.881562
1.27948
2.76553
0.377111
0.974788
-1.09652
0.995815
0.992228
-0.387768
3.07259
1.86634
1.51096
2.03968
2.02537
2.06387
1.9148
1.69967
2.08397
1.57772
-0.364848
0.54913
0.390112
0.471206
2.27903
0.11391
1.80322
0.736004
1.86722
1.58475
1.25821
1.51519
1.50788
1.71666
0.98515
0.0945334
0.483248
1.31248
1.45678
0.569358
1.2062
0.449027
-0.831063
1.6102
1.74622
0.940656
0.288658
0.978362
0.504118
2.48908
-1.00918
2.09924
0.305635
1.39424
0.27547
0.230564
-0.352585
1.26325
1.50449
2.04134
0.518501
0.75274
0.841094
1.61024
0.688116
-0.893724
-0.0805333
2.10503
-0.937009
3.21383
1.31812
-0.32725
0.689387
1.24381
0.405946
0.310579
0.829818
2.02621
0.713576
1.54228
1.42584
1.90035
0.562842
1.09687
1.7271
0.900483
0.673336
-1.35994
3.79673
1.36214
-0.7541
2.27217
2.09046
0.637652
-0.0831421
0.755735
-0.890644
-0.440234
1.77859
1.24164
0.282669
0.74513
0.871778
1.16568
0.354284
0.304597
3.57734
2.32764
0.526777
-0.299417
1.1073
0.508507
2.27717
-0.255788
1.2646
2.01675
-0.139703
1.86844
2.01744
1.25699
1.4643
1.12458
1.40484
0.10035
1.03301
1.12381
2.96916
0.488948
2.37795
1.86112
2.05129
2.49786
1.73534
1.64781
0.763347
1.12177
1.79155
-0.783361
1.74338
1.75189
0.934602
1.40912
1.88752
1.67945
-0.0400652
1.94662
1.17151
0.568664
1.46866
0.404398
-0.0704278
1.6696
-0.473943
1.88191
0.64623
-0.274981
1.4486
0.578334
0.249159
1.4988
0.392018
2.40407
2.66133
2.64174
0.405951
2.79487
-0.318117
2.48863
1.09578
0.943132
2.36658
1.52482
1.31781
1.46801
2.61542
1.23835
-0.245462
1.16078
0.966067
2.53143
-1.05346
1.12972
1.45773
0.970628
-1.0482
0.161619
-1.38025
1.56567
2.3437
1.19429
2.29655
-1.2059
1.24028
-0.203358
1.99914
1.13555
0.515795
0.181784
0.696383
1.83098
0.169659
0.42334
0.701439
0.718114
0.601112
1.48177
1.71154
1.99571
1.22817
0.0649787
1.04285
0.87346
2.40537
1.58836
1.91308
0.0806785
0.356575
1.50665
3.63195
0.367708
0.891141
2.84436
1.19543
-0.230177
0.808231
-0.873921
1.7811
-0.487611
1.20618
2.54796
2.85074
1.08039
-0.302132
-1.41028
0.149696
-0.650784
1.00298
1.64206
0.660629
0.996128
1.01015
0.956075
-0.29084
1.38701
0.763158
0.421097
1.21963
2.06347
0.897705
-0.529335
2.09929
2.62388
1.04718
0.153212
-1.03612
0.173421
1.54766
-0.170487
1.1431
1.06579
1.69828
0.817971
-0.531238
3.75538
1.99275
3.42636
0.848263
2.41532
1.87383
-1.85096
0.724578
0.18864
1.73265
3.29913
1.52302
1.01164
1.83898
0.87445
0.283035
1.35853
1.56405
2.04891
0.321922
-0.166254
2.6965
2.38145
0.294198
1.2793
0.47483
0.56337
2.93033
1.21525
0.801169
1.51571
1.49453
0.0331737
3.05366
3.52891
0.609137
0.69501
1.34363
2.27977
2.1791
1.71432
-0.479339
1.97093
2.74586
0.880195
0.364206
2.43171
-1.17743
-0.640081
0.656024
0.866117
3.69168
1.09963
1.5002
1.78813
1.45127
-0.130876
0.723879
-0.254402
1.01745
1.85142
1.09508
1.60898
2.26593
1.67867
2.45035
0.338624
0.752766
0.57967
3.44908
-0.0974596
1.2746
0.561888
0.211123
1.00617
-0.0712132
1.98121
0.82361
-0.186881
1.51342
-0.47597
0.781932
0.387583
0.801162
1.91944
1.3645
1.09055
2.21067
0.765716
0.615284
0.576223
2.06732
0.340388
0.899463
1.30627
2.23244
-0.794841
0.0100128
3.27066
-0.158043
-0.283381
0.623642
3.10017
0.681985
0.283278
-0.18484
1.61852
2.20731
0.350388
-0.357837
2.87177
-0.605615
1.888
1.53111
0.0386676
0.263034
3.22757
0.997008
0.67513
1.1355
1.10099
2.2315
2.69554
0.780274
0.690119
0.245949
2.47835
2.38683
0.968369
1.92738
0.973094
1.38001
0.499025
1.43681
1.30779
-0.577614
0.769865
2.42903
1.7221
3.22558
1.91747
-0.0178957
0.966594
0.400403
1.42779
1.27301
1.18522
1.21345
-0.549855
1.55165
0.657007
0.389168
2.13167
0.0415383
1.23412
0.697295
1.11201
1.60376
0.734877
1.74485
2.29247
0.231673
1.83714
1.09374
1.02464
0.756481
-1.25232
-0.441351
1.60565
0.92427
0.44564
-0.117198
0.251459
0.409965
2.2409
0.897546
1.32753
0.660792
0.586701
2.11631
2.40835
3.09016
-0.197601
2.938
-0.947696
1.14767
3.07905
0.694463
0.994123
1.72949
1.1489
0.50845
1.46934
0.613178
1.48102
2.16177
1.34436
0.771362
1.397
-1.02054
2.40086
1.22081
0.34745
0.380544
2.27887
1.50714
2.27536
1.94104
2.68263
2.34471
2.57902
1.42243
0.447939
0.0236522
2.58086
0.257726
0.675817
2.55927
3.41421
0.37318
1.18909
0.969637
3.11212
1.13379
-0.40416
1.80809
1.37085
1.33049
-0.372153
2.78662
2.77386
0.822373
0.916409
1.65984
2.00822
0.935894
1.52524
-0.952826
1.30182
1.19854
1.13823
0.232744
1.14327
2.68549
3.37653
1.13683
0.676171
0.824863
1.92073
1.70715
1.74172
1.88127
3.80087
1.61522
-0.153641
1.72239
-0.172415
0.539857
2.0651
0.71069
1.58097
1.2889
4.07803
0.228253
2.25061
1.45866
0.198757
2.44534
1.19569
2.29829
1.23948
2.24239
2.08282
-0.643793
1.04297
1.5453
1.48166
0.424464
-1.17794
0.871259
1.88419
0.326399
1.96236
1.18484
0.433768
-1.46536
1.61283
0.929432
1.37061
2.17577
0.230115
0.0644325
0.0649873
1.07094
1.10255
0.23256
0.464451
1.27785
1.02115
1.59466
1.71955
0.662743
0.616258
-0.928416
0.742023
1.93773
1.0514
2.97403
0.719019
-0.474684
1.27209
0.0816777
-0.884119
2.27629
0.452025
0.565582
-0.443102
1.29637
-0.68498
2.64364
2.23089
0.364406
1.69559
1.14152
-1.17763
1.48801
1.04643
1.8411
-1.33149
0.176142
0.0186338
0.511863
1.57537
-0.354416
3.92084
0.857485
-1.0722
2.4883
0.967325
1.22494
2.22382
1.12731
-0.712749
0.537444
-0.359725
-0.57542
-0.0601394
0.928286
-1.86714
-0.369437
2.72351
1.10832
-0.184003
0.839372
0.306185
0.43715
1.97525
1.17879
0.924272
1.3803
1.8002
2.08099
1.31782
1.18887
1.65604
1.32441
0.971195
1.51823
1.07796
0.0537778
0.0423829
0.899861
0.863788
0.518708
-0.601175
1.49317
0.173169
2.48245
0.832179
1.54117
0.978971
0.555679
1.84115
-1.12435
1.04741
0.486465
1.24379
1.20353
2.24939
-0.815092
1.57678
0.477398
-0.75725
1.54225
0.909969
1.52275
1.25988
0.183664
1.98433
1.524
1.79048
1.34142
-0.137809
1.34971
1.4359
0.988634
-0.29952
0.84522
0.852387
-0.40109
0.0267122
2.73669
0.638962
2.13083
0.93238
2.17501
1.05665
-0.228912
0.420658
2.48332
1.42572
1.35415
1.59964
-0.0543643
0.0246858
1.38986
-1.0809
3.16736
0.478712
1.43859
0.551215
1.95103
0.493939
0.36824
1.13982
0.12559
-1.32635
-0.319583
0.960745
1.58027
-0.205972
0.43984
-1.19305
0.447584
0.833973
1.48738
2.54404
2.11414
0.693778
2.59361
0.224527
0.394836
3.21169
0.481002
1.60029
2.60195
0.245619
0.674771
0.546471
-1.44835
1.22945
0.794166
-0.327969
2.53934
2.03794
0.37615
0.159892
2.28
0.495641
0.00973925
0.990715
2.58021
1.55101
0.274519
1.25529
1.05157
1.56447
0.66748
-1.25311
1.20572
2.08998
1.53594
0.263216
1.10199
1.02009
-0.332659
-0.593139
-0.138557
1.91554
0.459241
0.823465
-0.414973
1.15111
1.08631
0.797542
0.989209
1.66441
0.012166
-0.290596
-0.614042
0.63513
0.0444676
0.14036
0.558335
1.74451
-0.0127528
2.80519
0.115336
0.387951
0.203225
0.526265
0.545028
2.66446
1.6851
1.64459
0.258556
1.90705
2.03924
1.72369
0.464175
-0.272968
-0.274218
-0.0674674
1.95489
2.04825
-0.366641
1.03005
-0.0230833
2.2625
0.250348
0.473979
0.885658
1.47049
0.982162
3.11415
0.162134
0.4757
1.34704
0.878459
1.12359
0.683696
-0.255676
0.95843
1.3346
1.4935
0.116256
1.2502
0.673678
0.324593
1.17009
1.74867
1.60891
0.371709
0.622325
2.23755
0.59464
0.576103
-0.537339
1.09315
-0.27117
0.850488
1.12116
0.0367595
0.372806
1.63691
0.497768
0.955179
3.57457
1.17215
1.56255
1.29404
1.7057
0.39866
1.06686
1.17988
0.0346875
1.64321
-0.954093
2.17615
2.10587
-0.193491
1.64041
0.729578
1.16714
2.50379
1.24438
-0.86983
0.948489
2.29151
0.803296
-0.444523
1.0537
0.724612
2.21139
0.709512
0.780473
1.09809
0.940722
-0.552731
2.7534
2.72518
0.220611
-0.195541
-0.155505
3.58588
3.28813
0.818087
0.025742
2.23845
1.63676
0.465821
0.610046
1.24654
1.09585
0.0166363
2.07649
0.532029
0.573003
0.510682
1.18568
2.06292
-0.807175
0.749898
1.67002
2.79185
0.257361
1.79422
2.84729
0.672579
1.30887
1.26751
-0.434077
-0.395123
1.66884
-0.687572
1.92402
1.89511
0.15949
2.36462
0.9
1.11992
1.2196
0.573163
-0.992266
0.143958
1.30152
2.35984
1.06423
1.50373
0.494041
1.99703
1.47271
0.143588
0.587306
1.34795
0.659592
-0.46864
2.19067
0.674006
1.02435
0.995885
1.95245
0.513237
0.516417
0.832732
0.817752
-0.746985
1.06603
3.12847
2.83022
0.212878
1.65666
-1.15489
-0.691886
1.60031
1.5522
0.0101311
0.714342
-0.28146
2.85661
1.44074
1.06712
2.84668
-0.668988
0.377074
1.86324
3.0214
1.93522
0.836448
0.672699
-2.54031
1.39009
0.910243
0.198365
1.04117
-2.31263
1.1581
-0.133938
-0.0346603
0.958666
-0.0884637
-0.0603765
-0.280099
0.248237
0.813653
0.938624
0.558069
3.0087
3.57217
1.77875
-0.0227021
0.550787
0.143543
1.92727
-0.0944032
0.509812
0.644951
-0.366632
0.247477
1.32402
1.51916
1.00983
1.9164
2.35377
1.21513
0.573172
0.0648542
0.765541
1.91246
3.40715
0.302232
0.628363
1.02993
1.90959
1.23676
0.572955
0.755015
1.42186
0.688931
-0.312441
0.584004
-0.975782
0.498904
-0.47376
0.108984
0.376941
0.899754
1.4324
-1.58221
0.0151217
1.11091
1.25472
1.5709
1.2834
-0.519207
1.93592
1.19968
0.988362
1.28773
0.113277
0.740178
1.38148
1.84173
1.01326
1.23275
1.30122
2.7752
1.66646
1.70883
2.12621
-0.834444
-0.258717
-0.486425
1.14513
0.383907
1.49227
1.18368
0.334062
2.06706
0.268125
0.541532
1.25849
-0.0170339
2.46294
1.43733
1.5212
1.00306
1.97814
0.912709
-0.366042
-0.369357
1.48185
1.48109
1.57436
1.05998
0.9905
1.90752
0.293949
-0.74841
1.85884
1.31373
1.76047
0.0665631
0.479168
-0.837218
0.401729
1.60625
-0.0526606
1.07086
1.25781
1.27702
0.872477
2.62598
0.366703
2.88574
1.38726
1.263
1.43062
0.368738
-0.747659
2.50778
2.55371
0.987284
0.264882
1.83229
1.53624
1.74986
-0.278198
0.656067
1.3165
0.516661
3.16038
-0.0522235
2.35449
-1.59817
1.83112
0.655192
2.61616
0.274617
1.16382
-0.179564
2.02717
1.71702
1.179
1.85967
0.664006
0.724799
0.847848
0.573757
1.7816
2.5227
2.3198
2.12186
1.3197
-0.253789
1.07999
0.781678
-0.0589853
-0.187565
-0.0455538
0.750502
0.464218
1.09952
-0.271177
2.09319
0.491859
0.166608
0.468894
-0.101496
0.103619
1.95306
1.0125
1.60425
1.32049
1.88265
1.65751
-0.654364
1.8592
0.651836
-0.661432
0.350976
1.76174
0.769746
0.640234
0.615119
1.81349
1.22154
4.54274
-0.36429
2.33571
0.801202
0.354084
0.561189
0.102828
1.5746
1.03238
1.8886
1.14807
1.83995
0.24599
2.12558
2.73954
-0.835318
-0.0631859
-0.701312
1.08501
2.60753
1.52075
0.138719
0.947115
0.946559
1.0204
1.81435
0.670944
1.49082
1.91087
0.601438
1.4786
0.869546
0.484635
2.25049
2.83342
0.95175
1.64367
1.50461
1.77332
1.77575
1.68645
-0.186411
2.21185
-0.304423
-0.658591
0.501524
1.12682
0.162594
1.47573
0.65291
0.0885544
1.271
0.113205
-0.394195
0.082916
2.59138
2.15168
0.666859
3.01885
2.53006
-0.126236
0.835082
-1.04703
2.00703
1.15848
0.99439
0.873873
1.31698
2.02074
1.64261
1.56022
0.614442
1.34046
0.955219
0.139354
1.25728
0.174597
0.481157
-0.406559
1.10119
1.49102
1.66042
0.686061
1.99004
2.30705
0.991704
-1.91382
0.0790408
0.294036
0.829143
0.82176
2.01316
1.01815
0.298653
1.73567
1.11985
0.359687
1.05787
1.00533
0.347908
-0.55945
1.01696
0.760394
0.647719
-0.457578
0.957501
1.22827
1.92548
-1.94654
0.986951
0.981909
0.0858762
0.663517
0.979482
0.401159
0.791561
0.966962
0.959158
0.536869
1.2518
0.177112
1.64682
0.967089
2.33769
-0.635434
1.04315
0.59496
0.172638
-0.87369
-0.809498
1.82028
1.25353
0.684816
0.923808
0.511287
0.64926
1.96977
0.149397
0.615886
-0.36081
0.737691
2.65122
2.26997
2.25538
1.68461
1.84771
1.60792
1.41523
-0.997553
1.24009
-0.160934
0.766758
2.86945
1.54152
1.26215
1.62803
1.44034
0.993441
0.940322
0.996559
-0.40934
0.267335
0.199097
0.545012
2.34775
2.14773
1.70726
2.27191
1.47653
1.21078
1.30796
0.926181
-0.343767
2.66777
1.27939
1.68828
0.435171
0.409961
2.56862
0.357894
0.071355
-0.384333
2.34687
0.803881
0.96162
1.09236
1.65514
0.39652
1.57505
3.30488
1.52883
0.519688
1.12733
2.32059
1.39462
0.790059
-0.62926
0.727736
0.306304
-0.670426
-0.331211
1.66608
0.857779
1.8712
2.43384
0.191021
2.01283
0.439564
-1.43321
0.168098
0.355964
0.180534
2.82841
1.75828
-0.494845
0.178219
0.969209
0.58725
-0.192121
1.16967
-0.242437
1.98207
1.41132
0.407476
3.23434
0.957722
-2.31807
0.857975
0.955377
1.19881
-0.00639522
0.769914
1.05766
0.4089
-0.480083
2.46343
0.79598
1.68173
1.69679
0.370149
0.281871
0.478696
1.39158
1.51443
0.455009
0.78304
1.08359
-1.0985
1.4862
2.15988
0.894926
-0.609132
-0.430019
0.804544
0.224496
1.42419
1.04536
-0.268069
0.137174
2.25543
0.814276
0.982336
-0.332175
0.147384
0.872739
2.49039
0.544098
1.46016
0.212253
0.810389
0.790854
1.29906
0.154101
-0.0916943
1.64011
2.28207
1.37995
1.51514
3.63592
1.38764
2.83911
0.675122
1.24006
1.40042
2.84324
0.984385
1.02765
-0.270297
0.297767
0.732073
2.13122
1.06132
-1.18019
1.57801
0.833014
1.69905
0.15181
0.85947
1.25398
0.565552
1.588
-0.369945
0.486164
1.7705
2.11775
0.284742
0.0658146
2.93195
1.02189
-0.365256
-0.268336
0.996881
2.20501
3.15973
0.875285
0.605162
0.6848
-0.979772
0.896955
1.80204
0.0116986
2.21491
1.30956
3.37558
0.854201
1.27306
2.53207
1.57792
1.55514
0.691906
2.4782
2.13127
2.54789
2.24467
2.39852
-0.308857
0.849211
0.977511
2.51243
0.490577
3.19123
0.957501
-0.686352
0.796062
0.272273
1.04874
2.59796
1.42514
-1.11226
1.57859
0.345568
1.17943
0.265563
0.470326
2.65954
0.784453
1.29273
0.892836
0.835497
0.590128
1.91302
0.628888
0.983031
0.147161
0.683055
-0.417207
-0.552934
-0.591262
1.98107
0.81127
2.07059
2.01015
0.709506
1.29485
0.230777
0.0964341
2.40325
1.65122
1.14971
0.73939
1.07833
0.144424
0.336259
0.639514
3.56786
0.362186
1.22228
2.0391
1.05606
-0.895619
-0.750076
0.273631
0.0320395
0.673021
2.31958
2.3492
1.06816
-1.10989
1.65153
1.28079
2.12867
0.339108
0.75534
1.9702
1.50966
1.12837
0.55198
1.32136
1.48916
2.22169
1.50448
-0.478506
-0.865263
-1.04142
1.7949
2.83626
1.36474
1.48709
1.44312
2.73171
2.40391
1.75611
-0.421545
3.19427
0.0483665
0.637305
-0.930632
1.12347
0.808717
1.67084
0.176926
-0.522118
1.1184
0.425351
0.754321
-1.46442
0.953572
1.28758
2.3796
0.215148
1.27808
-0.209282
1.09484
-0.247266
0.0447804
1.33434
0.03776
1.17073
0.406514
0.702654
1.93441
-0.00139565
0.888309
1.99886
-0.0426984
0.620657
2.01331
0.249911
2.51909
1.87328
-0.292805
0.914973
-0.28847
2.40555
1.40944
1.07862
1.56619
0.719752
0.610492
-0.13619
2.00948
-0.0210064
0.018718
2.6295
0.340153
2.26307
1.26597
0.570641
1.46378
1.28675
2.69275
1.88894
1.83073
0.780658
0.985846
0.431813
1.89639
0.360566
0.757132
2.35314
-0.0465093
-0.0192512
3.45099
0.195016
0.876274
0.559974
1.23436
1.97455
2.1425
2.35999
1.37828
0.322888
2.05897
1.31581
1.08571
0.426284
0.963447
1.78285
0.727629
0.863677
0.16367
1.14817
-0.0724785
1.67305
0.47805
1.70808
1.7519
0.124169
0.0951013
0.0668292
1.15661
1.85245
2.33539
0.988871
1.35896
0.0492318
1.12996
1.55597
0.24038
2.13374
1.14361
0.40214
0.850113
-0.870814
-1.01788
0.850693
-0.645351
1.05593
1.07584
1.20191
0.874302
-0.379542
0.395448
0.583772
0.775698
2.65633
-0.2559
2.02294
-0.0728338
0.0898151
-0.15564
1.38171
1.83479
1.69107
1.99608
1.19532
0.852886
0.794457
1.78176
1.31422
1.06404
-0.511617
1.23856
-0.0146699
2.55217
1.27497
0.0866283
3.13948
1.61573
2.29785
0.47367
1.95843
2.44628
1.67449
1.51066
0.536684
2.5776
2.39947
0.457442
1.67382
0.906703
0.685675
1.27979
1.11284
2.20496
-0.691925
0.491518
0.783224
0.469369
1.90181
0.821915
-0.439501
-0.236435
2.27302
1.41484
1.21149
0.718109
-0.530669
0.242409
3.25835
1.98217
0.782354
2.55651
1.47818
3.29077
0.349106
1.48429
0.676623
1.69886
1.20407
0.670745
1.23865
0.39849
3.5821
0.947243
1.25731
1.42268
0.631379
0.606342
2.43971
0.337489
0.758811
2.12841
2.86688
2.46592
1.82641
1.51472
1.20809
0.238176
-0.769929
1.66808
1.67678
0.599004
2.3595
2.73116
0.894785
1.4615
0.390043
1.85982
3.18188
1.45359
1.14491
0.80245
1.18121
0.556721
0.550716
1.75118
1.39719
-0.192414
1.35881
2.27944
1.6942
2.28878
1.55788
-0.595179
1.2082
0.437057
1.32537
1.84885
0.372736
1.24909
1.64771
-0.0278848
1.14569
0.159304
-0.544997
0.826657
0.963399
0.988409
0.647672
1.40237
1.62751
0.969548
0.607569
-0.321905
-1.16276
0.725808
-0.55785
0.394657
-0.0629034
2.74431
1.0448
1.6884
0.415569
1.21442
0.0327621
0.0761015
2.29643
2.60387
1.60267
2.28775
0.346943
2.52784
-0.0313731
0.580124
1.20563
1.05698
1.20879
1.96893
1.57754
2.35976
0.664567
2.11233
1.1451
1.66638
-0.221682
0.963344
1.50154
0.359958
2.70572
1.57762
0.186406
1.30837
0.308664
0.0804027
0.716154
0.140898
2.05864
1.13361
0.83825
2.53877
-0.394287
2.42736
0.157093
1.9034
0.9247
1.10979
1.88483
0.176349
2.03376
1.36386
1.37403
0.755259
-1.18713
1.56385
0.236955
2.25559
0.80534
1.49311
-0.182074
2.73503
0.842746
-0.0673797
0.66034
0.699542
1.87233
2.45095
2.16517
2.09113
0.638655
0.303692
2.29505
1.41444
2.09168
1.99867
0.985142
0.631811
0.887202
2.86654
0.161397
-0.744026
1.48119
1.63119
2.90403
-0.852084
-0.400939
0.790255
0.226719
-0.690141
-0.64454
-1.1443
-0.00597617
2.60841
-0.25568
0.969416
-0.0957752
0.59697
1.32547
2.23048
0.952633
1.79968
2.66077
0.978257
0.782491
0.377078
0.293293
1.55788
0.359423
2.44117
-0.412232
2.01837
-1.67389
1.22952
0.524334
1.3229
1.65264
2.24752
0.514465
0.795917
0.310379
-0.11718
-1.79632
1.86113
0.550505
1.86042
-0.158704
3.2961
2.52679
0.481995
1.85907
2.52976
0.352956
-0.0413042
-0.0271096
1.18021
2.28364
0.779278
2.67426
1.27901
-0.022905
-0.133502
0.818147
0.367039
0.758758
0.14544
1.63319
1.9636
1.92381
1.61166
2.14702
-0.158215
1.52832
0.0140484
1.11944
2.31154
0.567032
2.54666
1.25433
2.3682
-0.630847
2.78346
-0.369061
2.27038
1.8703
-0.349723
1.43422
3.04257
1.36528
2.02117
1.41496
1.57788
-0.446871
1.79489
-0.764745
-0.0532799
0.0886996
2.23066
1.06091
1.16554
1.28713
0.485356
1.15762
0.666578
-0.00445194
0.0549248
2.5586
0.168444
-0.366441
1.22938
1.37791
3.05406
1.40621
0.303425
1.77109
0.051696
1.71818
0.968046
1.13333
0.415854
0.0348767
1.67053
0.979022
2.29506
-0.33896
-1.21077
2.50007
1.88798
0.191723
0.529292
0.322518
1.95597
-0.905404
0.289855
1.59122
-0.105835
2.48288
1.10316
1.84379
0.652696
2.00416
1.09847
0.765595
2.32585
1.22734
1.60608
1.74069
1.66259
0.428681
2.12632
1.04348
0.369348
0.339867
0.683263
1.77982
1.05207
2.00715
0.179956
1.24693
1.54416
1.4067
-0.606982
0.854909
-0.99391
2.62877
1.60665
2.27376
1.60498
1.82656
0.85478
3.42377
-0.257844
1.05927
1.06291
4.23274
0.447431
0.58048
-0.65396
2.048
1.09121
1.09346
1.72461
3.93804
0.157017
-0.733094
1.34353
2.47113
0.638362
1.64201
1.15271
1.11872
0.793814
0.912965
0.330525
0.531321
0.97815
0.957365
0.824827
3.0452
1.11008
1.32895
0.406912
-0.0260935
1.85808
2.16459
0.151357
0.941302
0.0415128
2.29622
0.446876
0.939289
1.21601
-0.813499
-0.723987
1.7157
0.920463
0.139011
2.267
-0.612786
1.90827
-1.30711
2.02792
1.08488
1.26244
1.18049
2.98471
1.77643
0.289164
0.831829
0.880549
2.22318
0.507595
-0.361309
1.07395
1.18752
1.086
2.21207
0.309661
-0.0691214
0.220926
-0.347518
0.0747308
1.13398
1.10313
1.80425
0.400094
0.262925
0.269245
0.660387
0.330995
1.84326
2.17671
0.788415
1.27
1.32198
0.589339
-0.0863391
0.469984
-0.0318647
1.66904
0.497435
0.964667
0.423169
0.623462
0.985988
-0.45871
0.592614
0.123972
0.308123
0.730328
2.03039
2.38546
1.78224
1.69269
-0.756492
-0.0311888
1.74683
2.12006
1.55428
0.952465
0.767456
0.943716
0.606075
0.426142
0.945536
0.50532
1.95814
0.33425
0.233516
3.962
2.4539
1.70335
0.969631
0.796279
1.36935
1.69851
0.847892
-0.509104
1.2477
0.00835367
1.17183
-1.09463
0.975772
0.873972
0.646469
-0.0649072
0.169866
0.859518
1.60836
-0.0424411
0.863389
0.32111
1.2524
1.76755
1.45231
-0.729851
1.68301
-0.297643
0.665523
1.55877
-0.361528
1.35669
0.804202
0.442633
-0.18475
-1.0488
1.63973
1.732
1.32115
2.51784
1.25805
0.960287
1.44705
1.3628
1.64525
-1.173
0.392343
1.49676
1.01846
-0.119053
0.975873
-0.251491
1.49791
1.39561
0.758153
-0.511288
1.27115
0.350851
1.1956
1.66958
-0.465826
0.371795
0.706756
1.69185
2.78202
1.33831
1.80659
1.95506
0.86366
2.37931
-1.37366
1.77918
2.24086
0.871279
0.906454
1.68942
1.92052
2.36235
0.233761
1.74366
1.61069
2.32977
2.02377
3.40873
-0.275696
0.963283
1.04994
0.287888
-0.0736098
1.64606
-0.488899
-1.06928
2.40967
2.27167
3.16529
4.54349
0.463884
0.0451253
-0.401661
1.52624
0.585848
0.836615
2.0917
1.80875
1.29135
0.677529
-0.133588
1.58743
-0.769314
1.10328
1.62359
2.46566
0.311201
-0.634727
1.83158
1.10761
1.40914
2.16363
1.0427
-1.51782
-0.699481
0.625557
3.21959
0.473249
0.349894
1.27933
1.50013
0.778769
1.87867
2.17744
2.22979
1.37
0.777888
1.77059
0.276707
1.68626
-0.143589
-0.381415
0.818793
3.13168
0.167873
-0.18089
0.308644
1.99666
0.664788
0.121348
1.65082
1.74992
2.38748
2.12357
2.40065
-0.348915
0.722786
2.0181
1.30926
-0.167503
1.9391
2.76811
1.38154
1.16921
1.69921
0.584667
-0.381506
2.03833
3.93858
1.79968
1.3433
-0.35451
0.171929
1.88768
1.09353
0.535236
0.415126
1.32216
2.34129
1.12742
1.23404
-1.1418
0.705605
0.467538
1.38933
-0.533457
1.55958
1.3659
0.559226
0.207224
0.869572
0.278841
1.17213
1.1389
1.48085
0.330598
2.76587
2.74611
-0.207797
0.178909
1.04114
0.495632
2.21775
-0.4313
0.985536
1.13321
0.806161
-0.495763
0.00116309
0.302069
1.32042
-0.654192
1.97159
1.3652
2.24031
0.665693
1.84808
-2.19608
2.06615
1.86924
-0.58991
-0.241026
1.03993
1.11927
0.0874149
0.986689
0.729535
-0.698745
0.746089
0.428047
1.49946
0.384437
0.668264
1.04986
2.30255
1.6237
2.19261
1.91212
0.661425
0.864783
1.02372
1.8485
1.68404
0.351922
-0.583996
2.25958
-0.0951851
1.04852
1.03909
2.26625
1.91909
3.72053
-0.0634641
0.797561
1.55251
0.396101
-1.1255
0.414498
0.889193
2.74255
-0.144233
-0.429719
0.0871705
1.41732
0.490052
1.11316
-0.698918
-1.05358
1.57941
1.7376
2.02506
0.696478
0.179599
1.4643
-0.16475
0.885986
2.26957
0.789463
0.317439
1.64393
1.2354
-0.621056
1.91438
0.747923
-0.340384
1.75216
0.383324
2.89048
0.919745
2.66029
3.22223
-0.522914
-0.498527
1.21532
1.79187
0.344604
0.777192
3.37275
1.41497
1.19305
0.519444
0.346318
0.777489
1.24223
0.31491
-0.674489
-0.129509
-0.226034
0.86211
0.222607
1.85935
0.4107
0.653019
0.660649
1.63871
2.2499
-0.0843003
-0.632764
-1.31744
2.12211
1.56207
-0.171126
0.572694
-0.187963
0.683959
1.6467
0.919434
-0.12912
-0.0252357
1.15975
0.465173
2.01257
2.43105
0.686865
2.11884
1.85062
1.60636
0.502246
1.05239
0.744568
1.22241
2.24913
0.830774
0.588823
1.10293
1.27204
1.67093
2.5029
0.988615
1.34768
0.0145391
0.718339
1.16483
-1.12554
0.769548
1.56951
0.689846
1.54765
2.72799
0.740379
2.80742
-0.101808
1.70333
1.80938
0.195924
1.39935
2.88809
0.417474
2.28136
0.166146
1.83606
2.62086
0.652501
0.514727
-0.222029
2.35416
0.517396
0.902283
2.20084
2.2659
0.626153
2.38016
0.784827
1.10725
-0.363837
2.02489
1.92587
2.3347
1.48835
0.2668
1.56114
1.22512
0.656603
1.43168
0.54508
2.74228
1.85384
3.06806
1.38637
2.11521
1.42748
1.93507
2.56977
-0.132089
-0.0504488
1.04805
1.6423
0.0200468
1.0698
2.77547
1.74114
2.02208
1.25887
1.93366
-0.253817
0.612906
2.49066
-0.879491
1.11595
2.52996
0.935363
1.47556
2.07306
1.6916
0.397062
2.18353
0.65622
1.60649
0.593393
-0.101548
3.41669
0.952093
-0.199273
1.08058
2.24633
-0.575773
1.77451
1.6428
1.73985
0.20154
-0.252046
-0.167327
0.739311
2.28384
1.33578
2.32237
0.584678
2.77083
0.537294
0.985402
0.577233
2.80222
1.59105
0.244709
-0.018907
0.679262
1.17179
1.22954
1.4123
2.33297
0.618182
0.442411
-0.576722
1.53096
-1.17117
0.267525
0.0444151
1.31039
0.166619
1.58973
1.01427
-0.336257
0.790961
-0.282674
0.187575
0.122014
0.519051
1.51394
1.58668
0.748999
1.77596
-0.420499
-0.222194
1.31087
-0.500114
0.444652
2.35716
-0.000290162
0.7211
1.78653
0.782641
2.27366
-0.224486
0.895813
1.85917
2.02485
-0.650133
1.24754
2.83579
-0.387482
0.478366
-0.976118
2.0463
0.903045
0.795914
1.37761
0.606567
-0.237794
2.30555
1.03892
-1.37251
1.19225
1.00523
0.800627
0.29392
0.357219
-0.0327996
1.22891
-0.663758
1.45877
0.821067
0.142644
0.742004
1.08663
1.57756
2.61267
0.10019
0.251433
-0.604967
0.75218
0.473645
2.28765
0.968509
2.10558
-0.158074
-0.046392
0.835866
1.95177
-0.857037
0.858872
3.0148
1.35676
1.12745
1.34987
2.35972
1.38141
1.5496
0.926999
-0.52571
2.19493
0.770432
0.383852
1.04423
2.46093
1.11368
-1.01344
2.07102
0.326191
1.46102
2.30706
1.4374
1.4114
2.25322
0.78944
1.16523
0.610992
0.0578423
-1.66797
2.26915
0.53148
0.506501
0.671793
-0.123401
-0.706357
0.602179
0.400527
2.45548
1.71113
1.68041
1.13341
0.744377
0.707934
1.61842
0.936947
0.821468
-0.672839
2.72777
2.05787
-1.10068
2.04499
-0.210862
3.30745
2.54459
-0.759392
1.93801
0.497373
-0.429646
0.153691
-0.16245
3.18802
1.93938
-0.814984
-0.100189
1.7608
1.05902
1.38498
1.84734
1.40313
2.5369
0.500169
1.69069
-0.478779
2.1443
-1.37974
1.71192
-0.899814
-0.00925623
0.92659
0.789696
-0.357
0.97895
1.31565
1.81795
1.71691
0.523951
1.24913
0.45468
0.92226
-0.160374
2.04532
0.396819
0.0111638
0.824271
0.997258
2.05996
-0.406578
2.40743
1.66126
1.50214
-0.219841
1.51455
-0.200659
1.92026
1.98181
1.99218
-0.728564
2.40182
1.44753
1.67107
-0.00159203
1.95301
1.62444
0.30264
0.991984
-0.25888
-0.892346
0.987297
-1.20538
0.593734
0.82496
2.22134
0.319067
2.37502
-0.427536
1.17174
-0.0160614
-0.282769
-0.359981
1.50126
1.32846
1.86202
1.31046
0.948113
-0.107827
-0.125088
0.537372
-0.0480881
1.66598
2.11916
1.03475
2.94359
2.66256
4.63888
2.84652
2.14706
1.44531
0.779891
1.28532
0.430816
0.559658
-1.18328
2.14682
1.59502
-0.253233
1.46933
1.14196
-1.52894
1.22454
-0.472117
0.0942636
0.746994
1.15251
0.666781
-0.0723729
1.15073
0.440686
1.71415
1.77658
-0.275754
-0.362807
1.92136
0.950604
1.34757
1.59046
1.25662
0.840397
0.6334
1.7232
0.561637
1.0586
2.24949
3.41598
0.134216
2.15352
1.62841
0.173542
0.295193
2.41183
0.299169
1.01112
0.620555
0.265123
1.46618
1.87589
1.42813
1.60197
1.06913
0.442021
1.28437
1.80145
0.18303
0.959616
1.25063
1.85146
0.111902
1.49424
1.51397
0.699919
1.47827
0.776402
1.66344
1.09727
1.6993
1.63626
2.93053
2.06314
0.738602
0.261507
2.05647
0.170496
0.777191
1.48468
-0.557313
0.590276
1.3161
-0.926856
0.216917
1.33438
2.27384
1.24654
-0.20593
0.680395
0.442195
2.28146
-0.0173172
1.01795
2.64087
1.14782
-0.513302
-0.00788195
0.513922
1.74804
0.795028
1.0045
0.770499
1.8711
2.42588
1.05585
1.54251
2.27903
1.72298
0.433711
0.470285
1.69903
0.0407369
0.481408
1.76445
2.19625
0.902205
2.49084
1.72766
0.617192
2.25872
2.81555
1.22358
0.253397
1.39868
0.44424
1.76015
0.374529
1.45849
0.684013
0.819885
1.01917
0.445801
0.63828
0.957909
1.30593
0.00309345
-0.340021
1.67742
0.454098
2.51563
3.33218
2.17118
0.246118
2.02427
2.43707
0.671614
1.46887
2.12856
0.721051
0.798952
1.14942
2.57859
1.50304
1.9879
1.70951
2.46526
-1.32939
2.2893
0.890213
1.15407
0.251128
2.6683
2.01489
1.75884
0.300733
1.42683
0.821129
-1.43043
0.310099
2.502
0.982169
1.36347
0.566875
-1.33488
-1.62857
-0.244784
0.306129
2.19463
-0.25192
1.6768
-0.059659
1.75326
0.0959838
2.04225
2.22246
0.681365
2.0057
0.455367
1.52441
1.15766
0.203937
1.03043
0.661239
1.94703
1.61685
1.85742
1.66295
0.962837
-0.00355562
0.434954
0.755659
0.239317
0.25749
1.10956
0.335508
0.720737
0.944927
1.93811
0.150943
1.04828
0.0518287
2.06396
3.48429
2.02948
1.61545
1.46015
0.744666
0.540339
0.433707
0.928595
2.59764
2.93829
1.32219
1.35752
-0.710878
1.4545
2.1951
0.445027
3.18968
2.52827
1.01987
-1.07452
1.36836
0.766808
0.66144
0.304534
1.82803
1.04739
-1.50804
0.444982
0.524759
1.61083
1.26046
-0.327695
1.35482
0.492736
0.641797
2.73628
0.968345
-1.60997
0.201707
0.735211
0.481321
-0.199729
1.6526
0.469199
1.37824
1.38929
-1.00616
0.717619
3.76972
0.920685
1.45282
2.34324
0.282172
0.859518
-0.206354
0.449234
1.5404
0.249535
2.27574
2.76078
0.235179
-0.670504
1.45605
1.22542
1.71654
0.744343
3.41305
0.171928
-1.78871
1.08387
-0.190584
0.867563
-0.0171208
1.99822
1.12667
0.327062
1.04545
1.99607
0.630711
0.24864
2.25934
1.28864
-0.194698
1.80834
0.650471
1.47782
0.556057
0.2591
1.11686
0.168165
0.830556
0.281261
1.3025
0.509397
1.50236
1.15105
1.47255
1.26244
0.379453
1.68022
1.55796
0.831781
1.84308
0.36567
0.493031
1.93863
1.06192
-0.137284
1.27366
1.15453
1.0328
1.94818
0.891504
1.94209
1.12055
1.11003
0.560767
1.15916
0.75544
1.35568
0.532577
0.976007
0.442269
2.0202
1.09058
0.2509
0.784547
2.41072
2.92537
-0.284742
0.401172
2.09502
2.90146
1.40374
-0.0923677
0.542766
1.08111
-0.230843
-0.337063
2.37279
0.141529
0.861459
1.36335
2.35026
0.437619
2.30414
3.42426
-0.275181
2.27413
-0.191094
0.894554
1.80118
1.82778
1.49724
0.254903
0.563685
1.93818
1.70345
1.383
-0.730449
1.09964
-0.521274
0.880005
0.543125
1.86163
1.93467
1.04551
2.20541
0.139792
0.342433
1.60378
0.903767
0.596944
1.45785
2.3395
2.87454
0.664193
2.28554
2.92072
0.281738
1.24845
0.429505
2.56419
3.62784
-0.919371
0.179905
0.666158
0.666353
-0.442593
2.25366
0.977029
0.622667
1.33303
2.92823
1.10677
-0.228999
0.275031
2.92027
1.65237
1.01639
1.62669
0.297318
0.286488
1.299
0.431835
-0.349469
0.823366
0.52495
3.13659
1.03838
0.75058
0.565141
1.94298
1.15151
1.04725
1.17651
1.97063
1.40199
1.26952
0.257651
0.402688
-0.25189
1.49505
-0.0309337
0.488375
1.81125
0.754691
0.915282
2.78962
0.692246
-0.0163521
1.80328
0.408961
-0.130227
3.27516
1.24149
2.49194
1.3922
0.439282
1.73008
0.54579
0.308878
0.842633
0.60684
0.645893
-0.648831
1.67737
0.706279
1.04921
1.20939
1.45594
1.18416
1.53476
0.43361
1.93354
3.46367
0.682035
0.838027
0.461473
-0.292928
0.288421
1.82134
0.729484
2.87497
2.06889
1.41998
0.083994
1.82569
2.04223
2.35381
0.99798
1.64314
0.442185
-0.618361
0.944912
1.13091
1.20516
1.90163
2.40879
1.46855
-0.0617488
1.23912
1.13177
2.18686
1.01734
1.8814
0.0756362
0.722935
1.66785
0.269791
1.22225
0.0758026
0.00210427
1.04201
1.08545
1.49898
0.227597
0.556789
0.827162
-0.59058
1.36165
-0.883404
1.67977
0.742192
2.47606
1.41961
1.85799
-0.235012
2.15583
1.46594
1.18926
1.01538
1.38002
2.17323
1.53272
1.13814
2.03307
-0.678198
0.25764
3.01237
0.0664138
0.85558
2.93091
-0.110145
1.1677
1.77955
-0.408666
0.982577
0.194105
0.381325
0.560924
1.88107
0.96634
1.71817
1.69309
0.783712
1.83824
-1.35744
0.0277878
1.15602
0.741043
1.38246
4.33955
0.118885
1.72823
2.23136
1.5
0.957392
0.69833
0.730253
1.24967
1.01913
1.2076
0.25722
2.29931
-0.00937811
-0.745198
0.626124
-0.209298
0.627339
1.65256
-0.393111
0.576906
0.37237
0.85992
0.708859
0.80144
-0.67259
0.338187
2.09955
1.65976
0.384914
0.878339
-0.143418
1.722
1.2856
1.27172
2.32292
1.40191
1.35913
1.79242
1.51304
2.60193
0.431509
0.781116
-0.330663
1.15377
2.25131
2.49338
0.633974
0.0955351
2.45405
1.20666
1.45724
1.8431
2.81195
2.74794
1.6452
1.2726
1.98619
2.58956
2.47935
2.15825
0.696431
2.11255
1.54086
1.03135
1.40628
0.451923
-0.0400987
-0.0567128
1.07999
2.25338
1.88292
3.03461
2.84457
1.48523
1.55471
-0.479196
2.04131
0.638476
0.887057
1.20648
2.62425
1.0195
1.47338
0.666975
1.75407
1.28674
1.15169
2.08252
0.714463
2.7715
-0.72457
1.94922
-0.157352
-0.311779
1.90714
0.627275
0.260367
0.694153
0.823834
1.0392
-0.132131
2.06793
0.344654
2.89833
2.46228
2.34559
0.254739
3.0811
0.790863
2.53523
0.908839
-0.29774
0.724629
0.736331
0.704009
0.541138
-0.77883
0.251929
0.643744
0.972311
-0.430934
0.604476
1.03349
1.93175
0.597983
1.02835
0.350226
0.949653
0.635334
-1.00391
1.42464
2.05152
1.85615
0.853866
0.315294
1.07208
-0.877037
-0.265908
0.935977
2.02292
0.389531
0.166834
0.0909378
-0.718265
0.889146
0.083025
1.05301
0.94081
-0.499914
0.749609
1.14812
1.33115
0.928423
0.478603
0.183012
0.78268
2.06373
2.32994
1.76734
-0.378096
0.618555
2.20352
1.68554
-0.826301
1.51042
0.632589
-0.599892
1.18759
2.4703
0.776708
1.33377
0.0177619
0.772513
-1.33778
2.3512
1.06399
0.114799
-0.430697
2.23571
0.2638
1.13679
1.31089
-0.0702841
1.30998
2.24849
1.04059
0.234797
1.12932
0.639669
1.36108
1.83182
1.81018
3.50081
0.748892
1.77295
2.54867
0.607621
1.81825
0.912827
1.76144
1.65018
2.64462
1.17176
3.84037
-0.340373
0.962163
2.80256
3.12712
-0.113964
2.80878
4.30204
-1.24276
1.47342
2.13757
1.62446
-0.324725
-0.159954
1.97397
0.58881
-0.0849899
1.60701
0.429875
2.12279
1.11692
1.03252
0.82241
-0.924611
-0.093453
0.343471
1.07241
0.754729
0.547567
1.83393
-1.07795
1.9937
0.817129
0.881523
0.974614
0.994208
1.63973
0.433345
0.731517
0.483406
-0.943552
0.184995
1.56828
0.877905
2.10255
2.27955
3.1016
1.04066
1.52039
0.449399
0.804914
2.29134
1.44421
0.762718
1.05476
0.392832
-0.81493
0.00367113
0.713892
2.20266
2.09565
1.12615
3.18019
-0.865361
-0.772818
2.70444
2.79534
2.49771
0.858769
2.90311
0.507447
0.672336
1.42765
3.02733
0.43031
1.07413
1.57265
1.03739
1.23018
0.634613
-0.163942
0.682923
3.1655
1.99778
0.130463
0.528077
0.855883
1.58519
0.609636
1.04212
1.06768
1.89287
0.0114832
1.06556
1.46841
-0.314039
2.30757
1.40621
1.24627
0.263198
-0.48866
0.176561
0.246856
0.905206
2.01696
2.78743
0.373476
0.435938
1.75648
0.0995586
-0.0451583
0.667709
-0.346878
0.120701
0.0915533
2.16012
1.20335
1.04408
-1.5819
1.74017
1.86171
0.594741
0.656105
1.1522
3.00823
1.46636
2.45744
1.26793
0.302482
1.08443
0.990517
-0.514854
-0.611797
1.9579
0.0538643
0.584996
0.913831
0.608249
0.485765
0.62534
1.08964
2.52625
0.121571
0.952365
1.7995
0.556244
1.83218
1.83348
0.515753
1.00581
0.377925
2.75286
0.648223
-0.718465
1.71021
0.682879
0.33456
0.854347
0.323077
2.27179
-0.0496663
0.361013
0.91641
-0.289316
1.95218
2.91416
0.681536
2.59875
1.93451
0.995647
-0.57399
0.479402
1.29023
0.521622
0.664811
1.53093
0.172226
2.23282
0.563452
1.07663
2.87087
0.679819
0.615137
-0.0930062
1.95746
0.671991
-0.221076
0.175272
0.488419
-0.699057
0.462996
1.98709
-0.472651
0.452107
0.407828
0.35827
-0.731712
2.05458
2.41839
1.41288
0.594806
0.427922
-0.233512
1.42697
0.751984
0.40291
0.589699
0.0792558
-0.682395
2.37511
1.06629
2.06458
1.1576
1.77564
1.05404
0.77412
0.787941
1.47529
-0.362903
1.55591
2.14404
0.502179
1.0406
0.583588
1.72481
0.00117752
1.77076
1.87022
1.44436
1.92102
0.636239
0.961045
1.37035
0.660997
1.1408
2.6261
1.97974
1.05726
1.63621
0.121181
0.765005
-0.00242281
1.05506
0.594156
1.82531
-0.264975
1.29176
0.62207
-0.0170045
1.00489
2.72693
1.26367
0.760922
1.48598
1.03682
0.959297
3.10007
0.573479
-0.0936589
1.25038
0.5616
1.1466
0.814863
1.97001
1.77187
1.11358
-0.987272
0.923866
0.279164
1.35495
0.391592
1.44104
0.512513
1.05881
2.15669
1.17984
1.21506
-0.073776
1.54238
0.956905
0.635252
-0.0674162
1.28149
0.656874
-0.51118
1.77008
0.77886
0.0635594
0.859661
0.768153
1.7709
1.10355
0.242143
0.188272
2.77561
-0.0280413
0.284284
2.43167
-0.496784
1.0874
2.49552
2.88868
1.82565
1.54358
0.631951
1.74459
0.380321
1.33558
1.7268
1.69483
1.38864
0.545431
3.19454
2.5548
2.12512
1.72175
1.39249
-0.227963
1.28908
1.62076
1.63132
1.61647
1.71766
0.467241
-0.0224033
4.80583
5.07756
5.1434
3.83009
3.41974
4.82825
3.85298
4.99056
3.74909
4.96195
4.56423
3.29107
3.95858
4.4384
3.31127
3.45583
5.05915
4.9236
3.84476
4.74239
3.41985
4.15302
3.31822
3.75428
5.57122
4.58383
3.38134
4.22095
3.57014
2.43584
5.06406
4.09707
3.12842
4.01408
3.03249
2.26072
3.77374
6.73505
4.43136
3.7653
2.43617
2.27754
3.58845
5.70254
3.19612
3.97971
4.67501
2.772
5.29075
4.85492
4.97363
4.19017
4.80221
3.25214
3.75064
3.19672
2.47287
4.15817
4.29562
6.51014
1.96828
2.99101
3.54843
3.9493
3.71289
3.93711
4.25613
3.836
4.04377
2.30281
4.37373
4.16367
6.07919
4.14562
3.42616
3.29045
3.42181
4.30121
5.20135
5.13745
3.39326
3.80891
4.91801
3.94386
5.51311
4.25602
3.49449
3.44974
4.77559
4.32449
5.44732
4.30419
3.02323
4.7723
5.48214
3.05551
4.39608
4.7585
3.73742
4.85465
4.07137
4.16301
4.22703
6.40079
3.33713
2.98938
4.53061
4.37475
4.46386
3.75622
4.36224
4.42137
3.38098
5.01904
3.02071
3.23358
2.99548
3.40995
3.90119
2.4853
4.15084
4.70108
4.81829
3.97953
3.87189
4.32644
2.23309
3.58834
2.59427
6.4265
6.11865
3.87556
4.40452
6.5948
4.92728
2.24529
2.82173
3.62978
4.68663
3.0515
3.45103
5.69671
3.18029
2.80315
2.73428
3.4223
2.27348
3.00478
5.98822
1.74374
3.46421
2.52593
6.91661
4.40901
3.43709
4.07135
4.39925
4.14115
5.90851
4.32015
4.23197
3.94198
3.47385
3.21289
3.5004
6.02145
3.4775
5.12461
4.90677
2.40418
5.01506
5.06218
3.46153
3.57608
3.32219
3.74599
4.27894
3.78758
6.72015
4.80437
5.22697
3.04255
3.56745
3.99898
5.84362
5.14712
4.74487
3.91192
3.01444
2.63511
4.74527
4.82263
1.91925
5.86554
5.02285
4.46769
3.93589
4.62742
3.65054
3.2779
5.39697
3.57601
4.56695
4.04182
4.89493
4.63774
4.95293
4.29456
2.94534
3.99239
4.00802
3.10572
4.46342
4.36017
3.73259
4.95942
4.51402
5.44534
5.1652
5.34104
2.76931
2.41059
2.62742
3.63525
6.25852
3.60379
3.85839
3.93668
5.05349
4.98539
3.19838
4.82576
4.06112
5.94138
2.94748
4.26744
5.72033
4.23751
3.78835
3.64642
5.34051
4.23149
3.65836
3.16599
5.21894
3.46971
3.70534
3.68118
5.63452
2.36769
3.28587
4.07596
4.28008
3.35667
3.09184
4.22446
4.29306
4.63776
3.46529
3.84329
5.31787
3.99838
3.89182
4.82945
4.40506
3.71898
2.93671
5.0528
3.60278
2.79823
2.45159
5.20661
4.13662
3.61192
6.95189
3.55146
4.92907
3.21788
3.46892
2.94861
5.64632
3.41444
4.39713
5.64452
4.40825
3.23625
3.75079
2.72269
3.81595
4.51708
3.52782
4.58196
5.10394
3.33147
5.01601
1.8816
2.6016
3.42583
4.71803
5.4387
4.4526
3.58482
5.19394
3.18103
4.39772
6.46361
0.876508
4.60118
3.49079
4.05786
2.45203
4.45021
4.04996
3.68089
3.82709
3.84657
5.27829
3.01564
5.57387
4.47704
4.8326
2.87982
4.77393
3.32293
4.19641
4.64174
4.76122
4.18256
4.57049
5.57212
4.70518
3.754
4.78719
2.32309
3.28572
5.0754
5.94083
2.93657
5.57878
4.20448
3.33938
1.88
5.06324
4.57954
4.69914
3.31432
4.80918
4.02056
4.17179
2.74239
4.50651
2.84258
2.57795
5.25276
4.38543
3.42654
3.24099
3.33051
3.22324
4.06776
3.62708
3.57055
2.62315
4.1178
5.04924
4.76186
4.42035
4.46088
5.21626
5.28373
4.07229
4.73374
3.28293
3.88535
3.34837
4.07548
3.28505
3.5418
3.24448
3.47245
3.91578
4.69974
4.02548
3.28079
7.04601
4.66981
4.41294
4.31875
4.50644
4.00892
2.44377
3.92963
3.87628
3.7252
4.92812
4.57143
3.83916
4.59967
3.57677
6.31883
3.87728
4.87467
3.34303
2.78152
5.65935
3.52095
3.50004
4.38074
4.92235
5.53444
3.09144
5.27799
6.78968
2.18918
3.45322
2.15597
3.16027
5.76628
2.94948
4.92346
4.27576
5.00338
4.29642
2.02676
3.12144
4.28953
4.41296
3.82618
3.96804
4.10586
4.47826
4.37342
2.03774
4.68145
4.31176
5.95414
5.1214
4.07135
3.41332
2.79755
4.74118
5.13348
3.64164
4.62153
3.99347
3.14442
2.26952
2.7263
4.28045
4.25764
4.71091
2.91921
3.07767
3.50212
1.90134
2.75242
4.55984
3.65482
4.75559
5.13046
3.64672
3.95527
4.06495
3.78307
5.0743
3.03784
3.29813
4.66329
3.70603
3.28357
3.61771
2.48444
3.43538
3.25288
2.0708
6.40999
3.27498
3.76066
4.99645
3.5942
4.11356
4.70056
5.04458
4.44865
5.71426
4.54833
3.72525
3.41524
4.09982
4.17326
4.37351
3.77813
4.9027
3.25036
3.93361
3.46439
4.14831
5.45033
4.72483
3.34204
3.42843
2.95709
2.8759
4.00796
3.28532
3.84401
4.88106
4.38906
4.99433
4.53512
4.01482
4.4442
3.44854
4.55311
4.94376
5.60466
5.42426
3.16952
3.82411
4.73435
6.18021
3.88788
3.67727
2.63559
4.33032
3.7046
2.21996
2.96265
4.23255
5.97098
3.83319
4.32194
4.31259
3.13499
3.81809
4.57859
3.21333
4.53865
4.25177
5.76095
5.20762
2.40916
3.68703
4.58775
3.6795
3.67275
3.32794
4.39744
4.37751
1.99846
2.92404
4.54798
2.1202
4.2581
4.37836
5.05625
3.54462
3.71007
3.49609
4.64639
3.06648
2.95482
2.91621
3.98825
4.35733
4.40223
4.29702
4.88994
4.61227
5.26907
4.13607
2.95103
3.51306
3.85464
3.33472
3.82274
3.99582
3.81115
5.52454
5.39058
3.18055
3.90499
2.76753
1.95917
4.37668
3.16074
3.98392
2.97353
3.66572
5.2753
2.3804
3.14442
4.95652
2.54212
5.63633
3.09845
3.98518
3.93554
4.49507
5.63956
3.23063
4.25894
3.31214
3.95436
5.15883
4.33922
3.97889
3.98006
3.20098
2.37115
3.81192
4.8586
4.93673
2.79841
3.75107
5.10055
5.14255
3.88671
5.50007
3.87557
3.78561
4.77724
4.40566
3.72462
4.30717
4.71693
4.04285
4.27652
3.0123
6.36709
4.55809
3.31413
4.80054
3.57527
4.76769
5.16055
5.82677
4.03287
4.98537
2.89759
5.26099
3.77558
2.97235
4.14688
3.56843
3.6203
5.19346
4.51979
3.71779
4.7325
2.90078
3.88524
3.67788
3.41859
5.42219
4.48019
2.79394
6.00812
3.8532
5.1059
3.97741
4.91056
4.79028
4.77623
4.33978
3.94286
3.84025
6.92284
4.46669
4.37376
4.07841
3.43497
3.942
3.47776
5.0515
3.85772
2.61417
3.19623
3.24635
3.09246
3.34109
4.54861
4.43718
4.24549
4.74643
2.75958
4.75573
2.72378
2.9921
3.05764
2.97301
3.44557
5.84664
4.4551
2.55482
2.13201
4.72881
2.00216
3.00334
4.47586
4.01422
4.31878
3.88188
4.95867
4.56469
2.56077
2.71583
3.20405
4.52293
2.80761
3.03009
4.48055
4.54947
3.57898
4.62938
4.14943
2.54651
4.19924
3.71512
3.49569
5.23666
4.58418
3.30332
4.96173
3.56503
3.82012
4.28742
3.52498
5.66512
3.84742
3.0838
5.05563
3.99768
5.18144
1.91959
4.40137
3.53654
3.80842
3.08815
3.21757
4.01485
3.16235
3.1965
5.61628
3.38691
4.0477
4.2202
3.48112
5.15628
5.59169
3.91175
4.18534
5.85925
3.84857
2.52513
3.47207
2.51175
4.10334
3.48407
3.51816
6.26211
4.86055
4.87103
2.75188
3.99422
3.70617
4.25982
4.07647
3.64527
4.27635
3.85743
4.64441
3.71008
3.8621
4.01143
2.85854
2.83269
3.99399
3.1256
4.60741
2.87084
1.64766
3.41437
3.81651
3.26084
3.51833
4.8974
6.05826
4.07642
5.75085
4.44758
2.46043
3.78756
2.13891
5.85395
7.45598
5.55332
3.3179
2.67893
4.78318
4.4376
2.75998
3.87162
5.02627
3.74218
5.48893
2.98089
4.44592
3.35947
4.19017
1.8067
3.87055
3.62433
4.70363
3.69041
2.51501
4.14769
3.14417
2.64358
4.71789
1.87882
3.64939
2.76418
4.28286
4.2563
4.96118
3.36114
3.48927
2.22858
2.66777
3.21088
4.47156
3.93039
3.43338
3.61218
3.50304
5.57017
3.68246
3.17704
4.79833
3.34034
5.534
3.66606
4.62904
3.29713
2.27531
3.0825
4.58487
3.32702
4.80341
4.67588
4.63873
3.56272
3.75134
4.28508
3.63129
2.82505
4.53839
4.5652
3.49339
4.58894
4.86647
4.03922
5.99988
3.34784
4.30427
3.74132
2.88376
3.5998
2.3653
4.55658
1.78832
4.57908
5.50627
2.74231
4.94709
2.79181
4.0372
4.17044
4.59684
6.03654
2.74776
3.76969
2.05709
5.38366
3.72073
4.31017
3.85117
3.34084
4.68421
4.89554
4.56657
4.71441
4.26467
4.78702
3.00687
3.91158
4.19509
4.47126
3.84939
4.50513
4.44212
4.1406
3.48088
4.84045
4.03725
2.84389
5.24122
5.2579
3.90811
4.07742
4.05357
2.7689
4.20058
3.54791
2.97
3.48042
2.743
4.12209
3.31175
3.43062
4.33385
4.35873
3.53107
2.90175
4.50811
4.11272
3.59139
4.89485
2.70834
3.94216
4.47249
3.87359
1.99819
6.25918
1.93291
3.38579
5.41169
4.07268
6.02639
3.09718
4.11729
5.75045
2.4805
3.60533
2.35234
4.5293
3.05984
2.26643
3.31625
3.75347
4.24087
3.19058
4.62345
5.83391
3.72596
5.62907
6.98409
4.13642
4.09527
2.4318
4.57176
4.34472
4.52893
4.61967
2.85198
5.01261
3.81903
2.80793
4.67849
3.36778
5.19992
3.55877
3.46353
4.5521
4.60729
4.67247
3.87633
5.30942
3.2504
4.56668
3.91376
2.73871
4.03989
4.76435
3.52165
4.62189
5.13419
4.40392
4.96334
5.7607
4.30186
4.51794
4.01468
5.12203
3.34635
6.74462
3.5563
3.83662
4.05432
2.73291
4.0091
3.28113
2.47209
2.46085
2.93338
3.74544
2.94816
4.15099
6.03888
3.68229
3.8244
4.39451
2.979
3.08556
3.51386
5.14383
2.86473
2.26077
5.77896
5.82498
3.15752
2.94793
5.26405
4.47614
4.26134
3.67266
3.84768
5.23013
4.77565
3.98576
4.27098
3.70668
3.38423
3.7503
2.85395
4.61065
2.54956
1.99024
4.75415
4.52109
2.78637
3.09994
4.03339
3.38228
3.46245
3.71946
4.74789
2.32838
3.65556
3.74796
4.66361
5.33953
3.61445
4.27826
4.174
4.53935
3.47092
2.89668
3.1833
5.2464
4.46382
2.88899
4.61453
2.41145
3.00259
1.86763
2.78293
5.24615
4.48009
3.60719
5.26036
4.178
3.94516
2.49999
4.66081
3.2143
3.79536
4.61176
4.52263
3.28171
4.20916
3.9204
3.51297
5.41109
4.12752
3.7161
4.72207
2.84002
3.85382
3.40991
4.06501
4.34616
3.2329
3.46709
3.54103
5.07384
3.50202
3.33895
3.35006
4.96736
4.26928
4.11742
3.92131
2.62563
3.82989
2.64633
3.71253
4.2283
5.02781
4.69504
3.82842
4.0625
3.18791
6.04808
5.86256
2.85659
4.68619
4.17279
4.37781
4.13839
4.17046
4.45127
5.9362
3.12517
3.77893
5.16735
3.99174
3.8538
4.30155
3.76747
4.45124
3.51685
5.05061
2.11373
4.46502
3.80556
4.70846
5.10377
3.36076
4.16044
4.35003
4.04554
6.56907
5.23328
4.66965
2.48695
4.99886
3.57346
3.91713
3.3179
5.67531
3.41396
4.67939
4.58922
6.16648
3.13631
2.73957
5.52967
3.34064
3.16323
4.96498
3.07773
4.98311
3.70112
3.63251
4.99385
2.65542
4.65593
3.1747
3.78518
6.58947
3.84031
3.54848
4.69802
4.87228
4.16061
2.40275
4.86227
4.33647
4.31473
4.22751
4.41732
6.60041
4.25997
4.52863
4.36849
3.78118
3.92293
4.7305
4.91036
4.0919
3.62283
2.54501
3.77453
3.85847
5.48888
3.81776
4.78379
4.05204
3.17541
4.49136
5.27451
4.69676
3.25569
3.57789
3.41919
4.12125
5.5502
3.05362
1.02083
4.54073
3.24885
4.04789
4.17772
3.03252
2.52974
4.05747
4.15024
3.6128
3.71866
4.72138
4.45306
5.30134
4.00892
3.67636
4.23973
4.84968
4.89861
3.74216
4.10435
3.53861
5.18958
3.91345
3.7276
2.93101
2.57215
6.02024
2.43744
0.576761
4.39818
4.75091
4.29562
4.32896
3.33704
2.39817
5.35353
4.86571
4.2837
5.04533
3.64503
3.5546
3.36295
3.46936
4.68745
4.5565
4.73752
5.88482
3.49268
4.15353
4.2466
2.96492
4.06072
2.98667
4.72321
5.76575
5.75407
3.38245
5.22546
4.86363
2.98112
4.86603
3.63747
4.91015
3.62482
4.11702
4.14456
4.68865
5.23756
4.79915
2.8097
4.64994
3.97036
6.043
2.91173
3.15127
4.11288
3.25034
5.29341
2.06311
3.06872
4.52616
5.84548
4.74943
4.6451
4.02475
3.60143
3.02174
3.57405
2.33157
4.52099
3.54763
2.11746
4.56561
3.70774
5.04574
4.80553
6.67846
3.27926
4.7256
1.90626
3.38829
2.64346
5.05347
4.7062
2.38196
4.39358
5.43416
2.90868
5.65983
3.034
5.19925
4.27781
6.33559
4.61124
1.7282
2.71571
3.51919
4.24884
4.45816
5.63829
3.5881
5.23012
3.77431
2.94491
4.35986
4.00107
5.4281
4.38187
5.33037
4.06332
5.02498
5.51736
3.27038
3.90067
3.35901
4.7495
4.68751
3.95047
3.46058
5.05991
3.83148
2.99789
3.40741
3.58306
6.0129
2.96983
3.62535
4.13395
2.89067
3.20807
5.75571
5.58839
2.74108
3.41165
5.96591
2.08354
4.13137
5.18322
3.04285
3.99208
4.26637
6.14256
4.7521
4.0655
4.58862
4.72388
4.59297
3.6772
4.82358
4.64327
4.23855
3.5797
4.71211
6.23882
2.85839
3.64238
4.82483
2.36104
4.70706
3.83746
5.35285
4.34659
4.97854
5.71856
3.43149
3.91636
5.43848
3.03032
5.52984
2.64096
5.33149
3.73969
4.25938
3.58979
6.41357
3.62571
3.08779
4.59994
2.99987
3.75565
4.46381
4.38979
3.22713
4.27697
3.73217
2.56742
4.29079
3.47207
2.62785
2.13031
5.60587
5.97699
2.57637
3.08738
3.60061
2.73861
4.06518
4.39337
5.04375
2.97855
4.42344
4.30844
3.56238
3.19452
3.8016
2.42367
4.74699
3.31809
3.65422
3.97603
4.2999
4.45544
3.18904
4.85122
4.1441
4.43877
4.07577
3.63419
3.12858
4.17787
3.73324
4.81548
3.10387
5.36315
2.10991
3.29873
5.10681
4.38352
3.20451
2.80586
3.6519
2.94704
4.07173
3.89189
4.2734
4.86113
4.88506
4.17366
5.4286
3.43129
3.36785
4.03327
2.9839
5.86751
5.93843
4.13547
3.59976
3.71306
4.73599
3.85097
5.08803
2.74696
4.19183
1.94913
5.48336
3.77342
3.40759
2.99881
3.20359
2.90522
4.40338
4.30863
4.63871
4.39463
4.41955
4.77434
5.38166
4.93183
3.15888
4.55356
3.31686
4.42303
3.93052
5.27138
4.61576
3.92052
4.15587
3.85405
1.61289
4.1841
5.85852
3.73613
6.66981
4.79224
4.91169
5.69462
3.5863
5.64969
4.18248
3.42313
4.67427
5.10953
4.64727
3.80826
5.65785
3.41427
3.44275
3.6528
4.84511
3.92729
2.88454
4.03322
6.18277
6.97295
6.44257
5.26553
3.10188
3.71674
5.24418
3.73662
5.18123
3.29214
5.0893
4.08246
4.15483
5.93844
5.00606
3.55681
3.86524
3.30227
4.78175
3.70983
3.84724
5.27574
4.91107
4.23887
2.7309
3.59241
3.13917
2.30574
4.04799
2.97105
3.87897
4.56297
1.58629
5.04219
4.33157
6.12741
4.19559
3.77805
5.04469
3.71748
4.63033
4.25074
5.0531
3.83866
3.58079
3.89562
4.63679
3.01545
4.76698
3.47431
3.93665
2.77985
4.23496
4.0017
4.73242
3.50903
4.08521
4.68208
6.57155
5.3936
3.50897
5.61315
4.05078
2.21728
2.58961
3.16132
1.98083
4.7787
3.69879
3.81037
3.79881
3.47031
4.40294
3.02198
4.89898
2.22998
4.95203
5.64596
3.63471
5.93974
2.7042
3.84887
4.82876
1.42828
5.47621
4.49003
3.44046
2.44781
4.1808
3.64726
3.00433
5.29471
3.98853
5.82307
5.00327
3.88509
3.48748
4.92307
5.63286
5.0534
4.53837
4.41216
1.88449
4.30016
3.87566
3.74122
3.91627
4.6763
3.94608
3.74494
3.44758
4.06375
3.98679
2.36965
5.4897
4.13774
3.66487
4.64771
4.71587
4.46254
3.15071
5.01759
4.40974
3.09614
3.18224
4.87447
3.92526
3.55243
4.96549
3.36375
4.81425
3.61228
3.73988
4.51406
4.75906
2.07752
1.48939
4.04001
5.06443
4.49351
5.07604
6.07166
5.28654
5.82517
4.20656
3.81787
2.03351
4.72732
3.11441
4.74281
4.31812
3.93499
3.37099
4.08269
3.43088
4.51939
4.60098
3.28113
3.93076
4.37059
4.68658
4.01193
2.5708
3.59693
1.91853
4.61489
4.45736
2.83665
3.90359
3.862
3.10859
3.81081
2.54949
3.54602
4.51247
4.8964
4.66504
4.89502
2.84877
4.19005
2.31429
3.7154
4.59804
5.2806
3.78682
4.14112
3.98928
5.0228
4.31486
5.08211
4.97433
3.69744
2.81505
4.3397
4.85426
4.2429
5.86586
2.79224
1.93975
3.80049
5.66541
2.4531
4.40033
4.37807
5.8337
3.52197
5.03315
4.13156
2.93992
4.06084
4.7169
3.43239
4.45367
5.03172
5.87636
4.86573
5.20021
3.07567
4.47188
5.04893
3.6695
4.71425
4.12096
4.62603
4.46124
1.67775
4.59529
4.07379
4.75461
5.51462
4.99005
6.05599
3.77827
5.53085
4.38551
1.93485
3.86311
3.53023
5.40134
5.91762
5.96694
3.68408
3.66479
3.45698
5.58103
3.60934
4.02089
3.06062
5.38707
4.85345
4.51969
4.69472
3.87803
5.33066
2.91737
5.39162
3.47484
3.764
4.15053
3.4316
3.88622
3.56775
4.28498
4.56056
4.65225
2.66256
4.45853
1.92161
2.85971
3.79862
4.57954
3.15715
3.94411
5.09001
5.33301
3.15387
0.542525
5.44976
3.10247
4.79178
5.35087
3.56904
4.72053
2.52068
5.301
1.88517
3.29791
3.0591
2.49626
4.01084
3.22613
4.05525
2.24389
3.89289
2.49786
4.57076
3.01337
2.68269
5.41456
5.53982
2.72641
3.41285
2.96093
2.26802
4.22244
4.81329
3.50869
4.49966
3.69493
4.15878
7.33493
3.06933
4.60181
2.76101
5.02123
3.37485
4.40132
4.79614
5.06829
3.44542
4.30425
5.45482
4.37628
3.75697
4.23868
4.06338
3.08839
5.28177
3.63839
3.26301
3.21017
3.33672
4.0439
5.48701
5.17567
4.79125
3.2429
3.09672
5.29903
3.85551
3.8785
3.49565
2.24969
1.99414
4.53897
5.60154
3.80164
4.3596
4.51038
2.37954
4.4986
5.18556
2.29548
3.99621
2.60272
2.54742
2.37828
4.6083
3.68305
4.40646
3.63797
1.99518
4.02456
3.84219
4.03448
2.57036
5.35758
3.47973
4.51264
3.47626
4.54072
5.097
4.89687
6.56646
4.92576
5.24051
4.38236
2.97705
4.90821
4.60228
3.55564
3.11606
5.77031
4.55663
3.35064
4.90265
2.80125
4.6397
3.06447
3.29135
4.57387
2.15827
2.06329
3.94888
4.41993
2.86485
3.15747
3.95924
1.29495
3.10565
4.71136
3.66268
3.80664
6.49977
2.81712
2.77571
2.98357
4.2989
3.49197
2.75401
2.82218
3.54885
4.78418
3.71015
3.7291
5.05752
5.76466
4.31557
3.66627
4.11192
3.53862
4.42682
3.36458
3.84145
4.89367
3.69144
3.48439
3.73208
3.46689
4.99023
3.32357
4.33012
3.36959
3.48328
4.98066
3.69097
4.84004
2.47136
4.08246
3.74075
4.76906
3.81571
5.00752
5.08395
3.14111
4.30321
4.35421
5.95215
4.4486
4.50393
5.1559
5.91536
3.73629
4.44535
3.59646
3.62818
4.38867
5.29352
3.94955
3.10264
5.29431
3.68352
5.75172
3.90733
4.31569
3.87871
3.64627
5.31479
3.00961
5.44348
4.96516
4.31732
4.1146
4.43642
3.69562
4.70906
2.84004
3.49503
4.66957
4.22459
4.65524
3.55239
4.45583
4.38704
3.13238
4.34311
4.35928
5.2752
2.21099
4.39931
4.02198
2.96287
4.40926
3.65827
2.43804
3.79514
2.44809
2.5436
3.53035
3.44106
3.45638
4.11311
5.1929
3.65722
4.0315
4.78346
3.49509
4.29148
4.78394
4.31199
3.49754
3.13178
2.5308
4.00167
4.58068
4.47354
2.94959
2.75401
4.54972
4.82983
4.9777
2.57944
4.3676
5.17847
4.36702
3.09814
4.36072
3.23158
4.75416
3.45443
4.72363
1.6739
4.12148
4.43326
4.85379
4.52979
3.50833
4.2166
4.8258
4.28643
3.11201
3.08112
2.5684
4.73508
4.63175
4.41822
3.09252
4.84741
3.94855
4.63629
3.94391
3.91345
3.44397
3.27991
4.16429
4.30609
4.3849
4.84674
1.95759
3.53646
5.86525
3.58723
3.80744
4.31244
3.31373
4.2166
5.65533
4.64686
4.96559
2.54485
2.82997
7.00451
3.50584
3.0468
3.76885
3.43827
4.14731
3.74503
3.45643
4.08624
1.89563
4.44601
4.24883
2.13721
5.19648
5.07855
3.11508
4.30105
4.58905
4.04549
3.92408
3.80616
4.46614
2.58278
2.00806
4.30527
6.18417
4.91497
4.93336
5.21815
4.82805
3.71526
2.34623
3.903
5.39631
6.22354
3.73639
3.53567
3.83669
3.96327
3.75192
4.60016
3.94278
1.98538
2.87745
3.88282
2.73077
4.12752
3.10694
3.83666
4.5413
6.86746
5.2585
2.90841
4.89448
3.98714
4.85598
3.87095
3.7902
2.94398
4.51873
4.82731
3.8437
3.02964
2.90341
3.4262
4.46683
4.10291
4.28711
3.58813
3.63038
4.58033
4.0258
3.78542
3.58942
4.12602
4.09434
4.08658
3.62905
4.59606
4.42627
5.12392
5.93981
2.70874
5.09182
2.46277
2.27057
3.50796
3.03733
4.09902
4.34388
4.41371
4.5176
4.76707
3.36725
3.64167
3.21566
5.27969
2.7512
3.77022
2.9809
3.40486
3.37215
3.13455
4.32082
4.38627
3.22949
4.95776
2.62768
3.62295
5.30161
1.81934
3.66661
5.24833
4.50188
3.17705
3.764
2.99686
3.13678
3.05532
2.73158
3.67261
5.95017
2.99396
4.16479
4.36712
3.31688
3.5119
4.79297
3.09405
5.09173
3.15731
3.85663
3.69291
6.2799
4.80446
4.28082
6.40516
2.72859
4.01743
5.11447
4.06094
5.71981
3.47709
5.14908
4.61525
1.84323
3.74909
4.08286
5.16963
3.44263
3.8117
4.83137
2.69124
3.43948
2.5878
4.707
4.43834
3.17048
7.09719
5.70245
4.94211
3.74149
4.14188
2.90912
5.15227
4.06884
3.94471
3.86195
3.37973
4.24079
4.10452
5.78415
4.01743
5.81505
2.05666
4.54803
3.74965
3.98009
3.10137
4.83058
4.31257
3.47951
4.4704
4.23929
4.91291
5.95459
5.47932
4.40767
4.073
6.49945
5.32104
3.22707
4.17617
4.52946
2.98376
3.337
4.80785
3.98395
3.81715
4.16483
3.93899
5.97039
4.41131
1.62499
2.8355
5.6065
4.3364
4.52964
4.61909
4.02803
4.37446
4.44416
4.80096
4.4699
4.72775
3.22333
3.83434
5.98284
4.1753
4.75111
3.47464
3.43752
3.79434
4.70678
3.60364
4.99549
4.75458
5.21972
4.15298
3.88586
4.66109
2.24205
3.90876
3.41843
3.65446
2.83121
3.86031
4.10007
3.75864
3.6576
3.92978
3.14149
4.70223
3.50875
4.24294
4.779
4.97719
3.84535
3.18053
4.73708
4.69544
3.34897
4.38087
5.19656
3.49313
3.62125
4.91742
6.13791
3.80933
3.96535
3.18947
4.77657
3.90037
4.13629
3.32093
4.87547
3.82232
4.33889
4.03231
5.05091
4.24882
3.91985
3.69071
3.31985
4.29639
4.52835
4.38513
0.746881
2.26301
1.97407
4.0347
3.07071
5.40329
3.50817
3.63815
2.96977
3.8988
3.49738
2.7713
3.634
3.94599
4.61379
3.91999
3.25471
3.45345
3.10864
4.0141
2.96972
3.65479
3.12484
4.40723
4.28722
3.61267
4.12761
1.90843
3.76998
3.72432
2.69967
3.40156
4.0304
5.418
3.04156
3.74559
3.40008
4.77768
5.20819
3.75681
4.87635
5.39698
3.30836
3.46566
3.63337
4.13846
3.24752
2.79397
6.2235
1.96689
5.50496
4.81423
1.27218
4.58526
5.48599
4.40903
4.90165
2.38785
6.02479
4.86631
3.62287
2.45817
5.18429
3.63506
4.58716
4.37478
2.19018
2.9687
3.70196
3.49955
4.67727
5.60382
2.77052
2.42862
3.65799
5.30928
4.03644
4.63573
3.11212
4.87277
4.89125
4.32506
4.16157
5.2831
5.06055
4.30121
4.25328
4.50931
1.72943
3.88571
3.89035
5.55601
3.27139
1.56134
4.31212
5.37794
1.65331
4.41848
4.69177
2.36756
1.48657
3.53884
4.47756
3.50436
4.75205
4.53925
4.51984
3.0902
5.01161
3.26818
2.61273
4.63535
4.81941
4.13932
3.58193
0.636002
3.372
1.47639
4.3849
2.78212
3.88004
4.72627
2.9484
3.84953
4.56379
4.36567
3.90687
5.25879
3.49741
3.82198
5.13756
5.18956
3.15309
4.4605
3.65097
3.30287
3.04335
2.33971
4.92436
3.91317
4.31772
3.86761
4.07558
6.32776
3.64762
4.12208
2.94616
3.27941
3.68812
3.48538
3.58176
2.50765
2.88877
4.65408
2.90582
3.89774
4.99021
4.28885
3.59722
4.8495
4.93456
3.30645
3.83958
3.33542
4.39163
4.2688
4.00186
5.15356
3.83292
4.16366
2.2042
3.0603
3.50533
4.69968
2.52707
3.45216
3.92035
3.74059
4.46116
5.00106
4.32423
5.37492
3.55755
6.00934
5.76005
4.06613
3.83231
4.88178
4.0265
4.91532
3.2261
2.3212
3.73423
3.5506
3.02137
5.03057
5.24427
4.76075
1.59024
5.809
5.86608
2.39305
4.9677
4.17122
4.94896
3.2558
3.98177
3.18031
3.39285
3.48563
4.37532
1.82371
4.38931
3.92767
4.00398
4.09248
4.75436
5.2227
3.10371
3.08307
5.00146
3.14759
3.10374
2.75384
2.72534
2.79794
4.39987
3.03256
2.90251
3.55402
3.84056
3.93587
6.00947
4.73271
3.33876
4.59907
3.59435
4.40243
4.32309
5.30564
5.03642
3.40436
3.35288
2.63128
4.41725
5.09784
5.81626
2.95784
4.70594
5.17406
2.1272
3.20838
3.94624
2.30914
4.53596
4.99255
3.97575
4.29459
4.80639
3.51166
5.22162
4.05898
3.28023
4.78728
4.45612
5.17338
5.05753
4.17806
4.02245
4.20904
4.44147
2.63527
4.68138
3.97693
3.80027
2.35097
4.3646
4.78856
4.73854
5.7304
6.12333
5.08924
4.25632
3.25057
4.44301
4.26836
6.11548
4.95397
2.30409
6.02633
3.33542
3.1537
3.01991
4.2658
3.9834
4.81803
4.32811
5.23645
2.37851
3.60659
2.54956
3.11305
5.22837
4.43003
1.90557
5.53867
4.21136
2.88529
4.63777
4.27687
4.44524
3.98807
5.11531
3.24912
2.45122
3.63458
3.33588
5.27847
4.56001
3.3706
3.39844
3.38716
1.67371
3.07639
4.45643
4.8017
1.62675
3.45688
5.08367
4.63983
3.05757
3.38433
4.90795
4.59001
3.90559
4.04894
4.91308
5.34323
2.72044
4.64727
4.02674
4.34428
4.54798
3.58134
4.41031
5.38821
2.98471
3.6152
2.68883
3.39845
2.74781
4.04528
4.89967
2.20209
2.28123
4.21636
4.27802
3.3396
3.77081
2.9485
3.80754
2.7748
4.55771
3.73701
3.50149
6.04597
3.65927
3.49141
5.15036
5.75612
3.05995
2.41255
2.21045
3.38935
3.70848
2.37729
4.58692
4.1336
3.57963
4.34061
3.19729
5.09467
4.24998
4.00518
5.25498
2.65055
3.47279
5.04422
5.59358
5.07127
4.6282
4.08369
5.56446
4.31714
5.37916
2.57492
3.56379
3.68774
6.14978
4.47338
4.88901
3.04164
4.50457
3.23526
3.28452
3.86471
2.77746
4.08549
4.03766
3.05279
3.64449
5.63872
2.4209
4.25631
4.10195
6.42595
3.87405
4.00234
4.46381
4.9379
4.57148
5.76915
3.894
4.01406
2.96936
5.79333
4.35017
3.45108
4.29158
2.43977
4.12136
5.06265
3.43246
3.05139
4.64026
5.12292
3.59183
4.73107
5.22713
2.26422
6.21504
4.88395
2.96162
3.93191
4.74985
1.83869
2.45672
2.81075
2.58726
3.61489
3.99422
3.73567
3.94072
3.98779
3.80481
4.03937
4.09982
3.00033
3.87518
3.89567
4.74767
2.67907
4.5278
4.49226
3.14516
3.51538
4.60933
2.94126
4.01595
3.06632
4.41548
4.7254
4.78956
3.93014
4.31323
3.3342
4.8375
3.81992
3.73211
2.80459
2.88656
2.72231
4.02605
3.81529
3.30611
4.55695
4.84953
2.10121
5.10554
4.94483
4.27338
4.91772
3.67821
2.40149
3.73289
5.36155
4.95955
3.47021
4.26248
2.53697
3.80884
3.86293
2.61533
6.86214
4.50251
2.14053
3.54492
4.65355
2.89728
5.01231
5.91279
4.63798
4.3226
2.91337
2.13725
3.77864
4.47826
2.03572
4.5777
5.19776
5.22637
5.0826
2.96126
3.24982
4.97784
4.6898
3.68526
4.38104
4.05762
3.11458
4.42126
4.20196
5.60485
5.03378
3.09816
2.77546
3.52041
4.87098
4.25456
2.45406
2.20269
3.19294
3.2857
3.72281
2.347
4.57184
3.26862
2.71017
4.05042
3.41333
5.31881
5.2125
2.93797
3.48457
3.20703
6.04557
4.83571
3.45483
2.46881
4.05622
3.20643
3.77951
4.07461
3.60039
4.23666
3.95896
5.69122
3.36402
3.76617
5.6907
5.091
4.28495
2.65859
2.86114
3.80013
3.0999
3.62646
4.76985
6.11246
1.01185
3.76806
3.77793
4.75494
3.29726
4.76239
4.09263
3.81289
3.53244
3.28839
5.0198
5.90868
4.23677
3.62836
3.34089
5.00103
3.23141
2.58232
3.43693
3.86456
3.93007
1.51885
3.73378
2.64275
2.21543
5.56762
3.90322
4.11044
4.53849
3.72567
3.35647
2.82095
5.44828
5.12959
3.49897
4.86659
3.40639
3.70402
3.21395
4.66741
